63 - 19 28
128 - 71 21
54 - 79 39
128 - 81 47
126 - 134 11
85 - 190 7
90 - 34 5
158 - 115 47
103 - 10 40
3 - 67 25
121 - 115 13
6 - 10 34
190 - 163 3
100 - 115 34
114 - 17 7
181 - 167 40
155 - 100 46
24 - 7 43
24 - 15 16
56 - 4 18
53 - 63 47
57 - 10 41
67 - 56 2
53 - 3 22
191 - 166 19
2 - 26 47
4 - 41 25
126 - 98 41
192 - 50 20
48 - 39 6
114 - 102 11
171 - 109 31
41 - 16 32
1 - 8 3
31 - 4 29
150 - 162 49
82 - 159 25
181 - 156 48
106 - 101 38
129 - 23 35
33 - 45 35
46 - 41 27
8 - 33 18
41 - 32 12
41 - 46 31
88 - 38 43
24 - 32 31
153 - 157 2
156 - 94 15
76 - 79 18
4 - 69 34
161 - 171 17
79 - 81 26
138 - 95 22
97 - 193 38
88 - 82 19
41 - 9 42
32 - 150 1
47 - 143 44
121 - 35 30
16 - 19 2
112 - 106 9
152 - 158 8
121 - 134 12
16 - 18 18
88 - 85 1
51 - 60 11
41 - 148 36
59 - 9 11
153 - 29 19
36 - 82 0
35 - 4 6
130 - 38 26
53 - 155 1
94 - 88 10
60 - 10 11
52 - 41 33
54 - 52 2
76 - 3 12
11 - 6 28
89 - 2 7
21 - 34 24
51 - 66 42
3 - 12 37
56 - 79 31
85 - 131 19
54 - 16 24
1 - 100 14
129 - 104 24
19 - 15 37
37 - 137 30
56 - 5 10
82 - 49 7
168 - 190 9
54 - 119 37
175 - 150 44
14 - 168 41
7 - 11 4
76 - 57 22
131 - 146 38
124 - 122 11
85 - 83 40
181 - 14 44
20 - 47 34
53 - 65 8
22 - 24 38
97 - 71 42
28 - 9 48
175 - 161 13
176 - 165 34
166 - 91 37
70 - 22 30
29 - 2 7
119 - 162 14
9 - 106 48
164 - 7 36
3 - 16 25
58 - 82 5
66 - 113 44
137 - 32 26
7 - 19 15
178 - 27 10
100 - 26 24
115 - 169 37
106 - 10 48
151 - 66 13
113 - 14 33
53 - 33 16
92 - 55 40
37 - 136 48
3 - 100 29
59 - 53 20
4 - 100 7
113 - 67 4
167 - 152 7
16 - 15 15
196 - 112 17
82 - 4 29
109 - 159 14
95 - 143 48
142 - 111 26
41 - 40 12
178 - 128 24
21 - 68 36
82 - 158 49
127 - 130 45
29 - 43 46
134 - 35 30
1 - 32 13
48 - 165 16
21 - 59 23
4 - 6 49
113 - 151 33
134 - 128 32
54 - 126 25
100 - 151 25
88 - 76 25
35 - 22 2
23 - 13 27
6 - 7 50
131 - 78 43
101 - 190 20
18 - 24 24
2 - 8 48
54 - 2 12
163 - 167 12
17 - 16 8
113 - 14 44
38 - 41 4
29 - 142 1
53 - 9 35
10 - 106 13
35 - 111 43
156 - 183 50
165 - 114 48
165 - 191 29
70 - 52 22
68 - 57 50
13 - 53 49
162 - 13 30
87 - 37 9
47 - 7 33
109 - 106 1
106 - 7 2
32 - 46 48
198 - 159 42
13 - 16 46
69 - 20 45
140 - 101 2
91 - 29 34
71 - 53 19
129 - 18 7
10 - 59 33
31 - 40 4
52 - 58 41
144 - 138 8
100 - 85 2
4 - 103 19
168 - 63 5
108 - 78 43
128 - 134 34
115 - 165 34
11 - 101 9
10 - 18 40
118 - 7 41
139 - 18 5
38 - 71 20
49 - 41 47
144 - 146 18
14 - 145 20
91 - 188 14
110 - 26 23
171 - 111 45
22 - 10 33
117 - 165 19
8 - 70 19
178 - 150 42
115 - 131 12
65 - 74 18
60 - 66 5
44 - 39 23
157 - 125 19
109 - 112 4
33 - 78 32
55 - 113 26
129 - 26 18
126 - 112 43
148 - 109 21
146 - 115 32
162 - 51 47
79 - 55 12
161 - 162 5
17 - 113 25
16 - 13 5
54 - 76 0
29 - 128 35
144 - 146 6
45 - 101 39
90 - 38 22
178 - 79 39
106 - 19 48
188 - 160 32
100 - 10 8
22 - 37 47
55 - 93 29
36 - 68 30
42 - 18 10
16 - 19 18
136 - 196 49
16 - 47 36
38 - 35 3
102 - 115 45
190 - 162 38
70 - 14 43
6 - 38 28
95 - 79 41
9 - 35 27
9 - 22 3
102 - 133 25
60 - 122 37
74 - 63 44
73 - 72 47
111 - 59 14
98 - 23 19
139 - 164 47
38 - 127 47
18 - 63 43
114 - 28 27
54 - 60 0
183 - 97 22
173 - 156 47
24 - 97 29
154 - 151 40
115 - 13 0
186 - 131 3
82 - 26 23
40 - 32 22
125 - 139 28
183 - 59 27
4 - 2 8
12 - 13 13
60 - 73 29
26 - 114 41
146 - 109 43
7 - 100 20
136 - 26 42
145 - 158 37
92 - 30 17
126 - 27 35
139 - 190 34
121 - 115 31
55 - 78 49
119 - 113 43
32 - 28 24
7 - 37 34
62 - 87 46
2 - 8 45
137 - 41 30
10 - 82 20
75 - 22 44
175 - 88 15
27 - 32 31
163 - 63 36
31 - 126 21
76 - 29 42
162 - 47 18
41 - 16 12
79 - 14 46
90 - 40 20
57 - 91 4
47 - 1 43
133 - 120 36
115 - 113 39
35 - 128 22
184 - 178 18
186 - 110 11
173 - 118 19
178 - 175 6
82 - 28 37
175 - 51 46
18 - 1 4
19 - 13 6
107 - 104 50
92 - 30 43
128 - 103 9
5 - 13 31
121 - 116 48
1 - 3 38
193 - 57 49
181 - 20 3
112 - 106 7
68 - 63 35
63 - 69 26
156 - 131 5
39 - 5 24
65 - 164 7
29 - 144 27
41 - 32 23
121 - 117 1
64 - 66 30
69 - 112 22
103 - 152 43
7 - 4 5
26 - 153 23
166 - 156 13
51 - 76 18
6 - 66 43
8 - 110 25
60 - 146 28
181 - 153 33
102 - 10 21
11 - 7 14
88 - 27 3
19 - 108 23
108 - 107 38
83 - 72 14
147 - 131 38
26 - 183 32
171 - 53 7
144 - 141 24
13 - 101 18
120 - 136 4
26 - 183 0
80 - 83 28
57 - 118 44
63 - 13 35
146 - 79 4
17 - 64 15
57 - 60 42
92 - 116 39
92 - 67 15
42 - 4 22
169 - 107 3
124 - 114 28
146 - 95 27
180 - 149 42
125 - 187 0
129 - 36 21
139 - 41 25
1 - 18 36
165 - 117 1
56 - 155 27
125 - 7 0
122 - 110 46
84 - 85 43
72 - 13 35
116 - 103 44
53 - 141 46
168 - 112 38
91 - 16 9
178 - 103 22
140 - 142 7
3 - 41 31
129 - 134 45
60 - 51 0
78 - 76 34
139 - 138 6
48 - 190 32
113 - 33 8
22 - 55 43
115 - 112 0
102 - 9 0
89 - 92 11
126 - 32 44
41 - 137 26
146 - 144 16
86 - 79 46
118 - 167 35
162 - 66 43
33 - 57 11
160 - 159 44
41 - 44 4
35 - 133 16
168 - 155 25
14 - 55 45
28 - 4 9
10 - 14 30
29 - 118 44
158 - 38 34
154 - 166 20
22 - 19 5
68 - 51 19
22 - 10 49
11 - 54 44
13 - 87 0
168 - 114 11
63 - 89 36
55 - 83 50
24 - 60 39
5 - 4 48
186 - 111 13
118 - 103 11
155 - 175 50
82 - 155 3
40 - 137 34
51 - 29 38
102 - 100 6
103 - 7 46
68 - 66 3
196 - 55 40
76 - 51 50
126 - 104 42
103 - 150 30
31 - 24 24
47 - 41 35
128 - 85 30
164 - 102 18
47 - 97 9
157 - 60 19
14 - 100 5
11 - 36 28
103 - 100 44
103 - 41 20
184 - 158 26
16 - 7 15
127 - 175 25
168 - 169 17
162 - 158 9
71 - 97 45
69 - 94 45
144 - 95 21
79 - 57 9
109 - 4 28
4 - 153 48
151 - 126 9
139 - 170 19
54 - 103 10
150 - 156 9
40 - 18 37
131 - 136 27
113 - 79 41
94 - 76 43
106 - 5 21
6 - 180 20
7 - 57 48
175 - 177 42
156 - 151 25
51 - 34 13
22 - 15 22
4 - 10 20
63 - 69 2
63 - 56 11
173 - 161 30
35 - 118 14
187 - 85 17
163 - 181 12
153 - 154 43
29 - 128 10
1 - 4 42
119 - 95 3
16 - 13 38
8 - 22 40
32 - 4 0
153 - 181 42
41 - 155 17
38 - 88 1
21 - 142 28
30 - 126 2
193 - 187 36
76 - 78 19
70 - 60 48
109 - 86 0
36 - 10 29
156 - 13 37
39 - 40 26
27 - 87 0
13 - 41 15
112 - 131 10
1 - 2 46
16 - 168 40
80 - 45 28
196 - 73 22
2 - 52 44
18 - 76 31
39 - 119 7
98 - 92 23
16 - 3 16
18 - 31 24
78 - 57 34
34 - 65 0
1 - 52 37
91 - 84 50
129 - 11 19
15 - 38 12
44 - 32 29
181 - 178 14
88 - 80 1
64 - 163 22
51 - 175 39
44 - 92 29
8 - 150 23
167 - 22 36
104 - 126 2
11 - 110 25
60 - 160 46
30 - 128 10
8 - 58 45
38 - 41 44
87 - 10 0
1 - 137 10
16 - 126 11
57 - 51 20
167 - 56 48
9 - 37 19
60 - 65 23
192 - 90 29
42 - 91 11
115 - 30 28
101 - 3 43
18 - 65 9
54 - 53 40
13 - 65 13
155 - 134 7
20 - 16 44
162 - 60 20
38 - 35 2
13 - 122 5
178 - 135 13
76 - 93 26
61 - 10 0
189 - 174 20
163 - 63 14
4 - 2 42
154 - 165 18
4 - 30 28
54 - 152 23
46 - 35 28
16 - 3 50
61 - 88 14
72 - 71 45
21 - 3 14
94 - 57 32
46 - 35 27
131 - 28 27
91 - 89 24
7 - 9 22
156 - 9 37
11 - 154 30
62 - 60 33
103 - 113 17
47 - 30 28
8 - 110 39
7 - 55 49
121 - 131 1
116 - 126 24
178 - 187 15
122 - 48 14
88 - 65 41
1 - 55 39
55 - 60 8
7 - 10 6
176 - 13 34
172 - 162 22
6 - 68 2
29 - 100 50
39 - 30 14
10 - 48 37
112 - 118 8
62 - 54 23
103 - 1 14
28 - 54 48
32 - 55 25
134 - 133 37
134 - 118 13
3 - 150 21
37 - 13 36
85 - 150 8
162 - 76 13
145 - 139 32
22 - 25 6
26 - 33 21
115 - 135 47
156 - 90 26
27 - 19 38
60 - 109 11
29 - 54 27
142 - 140 14
63 - 93 0
53 - 65 39
115 - 69 31
88 - 40 36
108 - 13 49
103 - 2 14
6 - 53 13
112 - 142 20
118 - 4 20
3 - 51 5
94 - 63 18
157 - 108 8
1 - 19 40
3 - 84 32
44 - 71 25
89 - 77 27
103 - 3 0
16 - 10 1
157 - 64 40
107 - 169 46
188 - 77 42
19 - 20 36
1 - 62 15
103 - 106 10
37 - 106 24
33 - 126 6
66 - 72 9
185 - 167 41
28 - 84 0
18 - 114 34
180 - 51 32
25 - 38 43
7 - 88 14
96 - 132 18
124 - 14 38
189 - 95 31
34 - 7 30
29 - 134 35
8 - 102 10
54 - 13 23
171 - 69 23
44 - 33 33
39 - 22 29
181 - 178 35
119 - 166 36
119 - 169 50
63 - 38 43
101 - 112 38
82 - 54 4
131 - 62 36
51 - 54 41
22 - 33 48
54 - 150 22
88 - 147 26
32 - 4 29
36 - 4 48
195 - 114 27
111 - 152 31
24 - 159 32
94 - 69 4
102 - 26 3
106 - 5 43
53 - 26 44
134 - 38 46
124 - 47 7
21 - 15 1
130 - 155 4
81 - 133 11
60 - 129 28
26 - 125 35
35 - 5 24
120 - 106 28
83 - 78 32
130 - 123 18
108 - 123 15
74 - 68 24
50 - 28 35
3 - 16 8
58 - 159 9
86 - 132 29
79 - 10 18
174 - 168 39
53 - 54 39
32 - 34 31
130 - 111 0
73 - 5 18
43 - 85 41
12 - 19 39
98 - 94 2
117 - 21 41
140 - 42 43
22 - 108 37
153 - 109 12
16 - 67 34
112 - 124 16
106 - 4 24
107 - 147 21
2 - 4 33
27 - 128 20
59 - 56 23
22 - 122 3
4 - 104 43
60 - 87 47
102 - 1 20
5 - 122 3
51 - 114 47
119 - 143 18
130 - 84 35
68 - 65 11
158 - 94 16
47 - 16 32
159 - 168 33
77 - 8 29
114 - 153 28
117 - 10 46
83 - 58 19
13 - 100 37
106 - 2 18
38 - 128 17
29 - 152 31
121 - 146 14
33 - 20 5
16 - 13 12
190 - 94 43
1 - 118 24
5 - 122 36
195 - 18 26
2 - 59 33
182 - 58 0
8 - 110 30
7 - 19 43
23 - 116 8
19 - 26 6
18 - 156 5
196 - 105 36
55 - 72 23
140 - 143 45
135 - 154 28
118 - 168 13
7 - 168 47
2 - 6 2
25 - 57 12
168 - 70 8
143 - 125 13
7 - 35 49
28 - 44 47
29 - 153 29
119 - 118 2
113 - 124 9
9 - 195 46
115 - 153 42
60 - 54 9
6 - 56 26
41 - 22 26
44 - 141 14
51 - 7 11
147 - 42 22
102 - 120 29
83 - 179 14
107 - 165 44
146 - 28 49
41 - 132 26
65 - 66 31
116 - 42 27
103 - 125 27
9 - 3 33
25 - 132 12
69 - 181 33
164 - 187 39
153 - 152 19
47 - 128 44
77 - 27 28
153 - 79 27
105 - 3 42
33 - 34 25
27 - 97 26
168 - 170 44
84 - 33 30
46 - 19 50
14 - 63 30
36 - 86 16
76 - 183 1
56 - 59 0
100 - 26 38
7 - 155 48
91 - 190 42
183 - 82 9
189 - 195 42
31 - 42 21
167 - 68 12
53 - 56 48
188 - 3 23
8 - 118 17
1 - 52 36
32 - 84 22
140 - 144 22
53 - 51 34
115 - 126 5
16 - 100 23
53 - 2 15
117 - 105 29
196 - 69 4
178 - 59 43
64 - 154 12
51 - 100 36
186 - 159 35
3 - 4 9
10 - 54 25
7 - 3 47
156 - 48 42
72 - 54 50
133 - 102 17
133 - 54 16
63 - 16 12
53 - 2 41
120 - 9 2
13 - 4 17
63 - 69 45
61 - 97 29
35 - 130 49
63 - 91 8
27 - 128 31
183 - 125 24
103 - 13 4
134 - 133 17
19 - 118 24
54 - 79 38
149 - 98 7
121 - 93 3
11 - 24 41
153 - 154 24
141 - 48 49
150 - 69 15
65 - 52 38
78 - 97 2
114 - 155 46
8 - 57 12
6 - 51 6
16 - 121 26
16 - 41 31
82 - 106 19
196 - 198 38
131 - 8 27
86 - 29 38
52 - 10 36
35 - 97 45
2 - 27 34
195 - 96 46
127 - 118 19
131 - 13 22
118 - 115 13
141 - 187 29
196 - 197 35
44 - 1 32
163 - 2 19
111 - 105 28
101 - 152 34
44 - 20 50
103 - 129 45
13 - 26 7
139 - 127 28
76 - 64 20
159 - 157 25
8 - 11 26
67 - 99 31
63 - 143 12
43 - 31 22
197 - 191 43
4 - 59 2
76 - 44 20
88 - 94 38
100 - 4 6
187 - 153 1
12 - 148 23
22 - 50 45
41 - 5 24
13 - 102 45
107 - 154 45
133 - 101 19
1 - 106 43
26 - 4 12
72 - 150 9
143 - 193 5
60 - 62 1
144 - 26 11
22 - 156 47
63 - 4 32
29 - 177 50
100 - 16 2
63 - 5 18
154 - 29 45
109 - 11 39
39 - 38 17
16 - 41 41
16 - 18 33
175 - 153 10
103 - 4 28
178 - 164 38
110 - 166 28
168 - 192 20
72 - 23 1
28 - 34 32
81 - 179 29
91 - 13 24
151 - 150 11
52 - 54 45
88 - 94 43
1 - 26 35
11 - 179 42
37 - 1 1
162 - 137 15
16 - 14 27
56 - 78 9
91 - 69 4
26 - 79 29
109 - 190 19
117 - 156 0
106 - 158 38
70 - 57 23
105 - 148 32
26 - 2 31
128 - 29 16
193 - 121 0
108 - 9 22
27 - 2 31
122 - 124 48
26 - 45 29
162 - 82 40
163 - 168 9
187 - 141 28
6 - 15 40
88 - 92 13
16 - 19 37
21 - 19 48
8 - 4 14
58 - 113 22
156 - 3 31
54 - 2 35
3 - 102 35
16 - 12 44
150 - 168 18
53 - 54 7
69 - 7 34
14 - 4 11
194 - 150 16
104 - 111 40
65 - 16 42
34 - 84 18
100 - 44 24
166 - 5 45
64 - 179 23
177 - 187 29
13 - 1 36
162 - 112 29
183 - 28 11
44 - 47 36
39 - 16 42
181 - 195 48
57 - 123 25
143 - 141 30
23 - 69 41
103 - 2 22
100 - 125 46
107 - 28 49
58 - 83 16
175 - 131 24
18 - 115 45
159 - 107 23
53 - 63 10
172 - 197 25
1 - 13 40
36 - 30 19
51 - 16 16
19 - 122 29
112 - 114 9
23 - 121 17
150 - 181 11
97 - 64 14
143 - 131 9
4 - 137 14
5 - 17 3
6 - 54 36
63 - 126 8
11 - 57 23
33 - 88 20
3 - 60 42
151 - 13 35
100 - 7 33
43 - 40 47
98 - 72 20
165 - 80 37
131 - 181 41
27 - 29 39
85 - 88 24
158 - 13 17
128 - 44 20
118 - 119 23
101 - 169 37
85 - 87 2
33 - 2 21
79 - 111 49
51 - 36 34
144 - 22 31
69 - 63 11
181 - 131 22
3 - 103 17
125 - 1 11
17 - 106 47
179 - 4 29
103 - 101 12
41 - 15 31
4 - 105 42
168 - 57 18
13 - 6 6
41 - 35 49
64 - 83 6
28 - 31 7
104 - 179 5
124 - 2 25
8 - 1 45
69 - 91 19
98 - 151 49
87 - 81 1
4 - 2 18
57 - 181 30
187 - 63 40
22 - 12 47
133 - 125 37
152 - 54 48
101 - 27 11
194 - 177 45
126 - 138 32
134 - 8 47
82 - 77 7
181 - 32 29
197 - 198 27
17 - 131 23
156 - 157 23
4 - 16 6
135 - 180 4
4 - 1 38
112 - 127 2
9 - 32 48
57 - 192 13
142 - 107 21
169 - 97 3
123 - 173 15
104 - 126 4
24 - 91 4
114 - 178 23
20 - 109 11
52 - 2 49
37 - 103 0
162 - 63 25
26 - 44 32
153 - 186 23
40 - 91 42
106 - 133 48
162 - 163 14
156 - 151 4
112 - 13 22
117 - 142 45
2 - 19 22
100 - 16 45
4 - 128 46
103 - 16 50
66 - 168 42
12 - 156 47
183 - 185 31
52 - 80 14
7 - 52 41
85 - 79 16
153 - 105 21
176 - 125 26
3 - 28 37
108 - 102 49
169 - 126 14
101 - 105 10
88 - 143 17
125 - 2 41
107 - 14 14
126 - 27 32
180 - 173 49
175 - 151 23
10 - 60 14
117 - 9 12
59 - 170 44
95 - 94 12
3 - 45 0
114 - 31 9
5 - 17 44
66 - 53 9
41 - 82 5
102 - 125 28
6 - 162 38
111 - 100 7
109 - 114 50
100 - 106 1
109 - 7 21
85 - 69 22
63 - 77 44
161 - 10 32
54 - 159 23
144 - 22 19
125 - 44 43
53 - 29 8
52 - 14 20
131 - 109 15
5 - 39 47
156 - 70 5
5 - 17 19
191 - 94 2
109 - 12 1
63 - 152 35
21 - 114 11
55 - 165 41
142 - 167 21
112 - 29 20
5 - 50 25
152 - 9 1
76 - 143 34
97 - 74 17
118 - 24 3
140 - 16 10
13 - 69 3
171 - 160 16
115 - 54 1
155 - 43 16
176 - 99 30
15 - 2 43
66 - 23 32
1 - 65 31
162 - 52 7
21 - 114 0
180 - 187 7
70 - 98 27
151 - 63 9
126 - 32 28
164 - 162 22
35 - 31 5
23 - 104 46
63 - 100 17
150 - 175 33
23 - 121 11
32 - 35 21
110 - 162 34
66 - 151 7
15 - 21 9
108 - 105 16
164 - 163 13
196 - 85 23
44 - 21 32
113 - 121 49
129 - 128 23
19 - 62 39
88 - 13 30
90 - 15 43
59 - 57 43
39 - 30 41
131 - 38 5
39 - 104 49
30 - 126 41
11 - 22 27
106 - 20 23
10 - 14 16
15 - 89 14
7 - 16 36
69 - 68 29
145 - 136 45
170 - 96 42
137 - 145 34
113 - 14 15
7 - 79 10
31 - 139 7
139 - 121 21
42 - 38 5
40 - 100 36
56 - 54 38
10 - 158 9
112 - 3 42
153 - 102 22
26 - 31 37
68 - 88 33
7 - 23 31
42 - 53 9
120 - 106 11
43 - 117 10
84 - 181 26
39 - 92 49
168 - 73 20
156 - 163 48
29 - 9 9
80 - 52 33
179 - 88 5
63 - 74 43
63 - 13 34
139 - 90 20
102 - 53 41
105 - 140 18
155 - 54 38
90 - 9 41
81 - 104 26
79 - 85 42
63 - 66 14
17 - 166 21
182 - 187 27
107 - 115 50
88 - 76 20
70 - 121 25
41 - 29 9
159 - 153 41
4 - 92 33
78 - 51 16
100 - 151 19
65 - 53 5
57 - 156 38
33 - 41 27
178 - 176 45
47 - 111 2
75 - 74 20
135 - 158 0
72 - 22 40
2 - 27 37
146 - 199 48
174 - 10 43
112 - 115 43
55 - 160 5
126 - 22 9
9 - 13 46
96 - 47 36
81 - 26 11
12 - 35 11
127 - 103 26
68 - 66 2
89 - 80 23
184 - 32 48
164 - 195 13
38 - 32 11
109 - 11 17
109 - 103 44
60 - 54 12
4 - 41 49
24 - 1 25
21 - 22 29
131 - 44 30
15 - 38 18
7 - 168 45
6 - 105 4
37 - 28 35
173 - 114 41
64 - 2 9
157 - 58 48
120 - 108 9
49 - 109 46
79 - 81 20
4 - 60 2
2 - 112 21
106 - 33 12
71 - 171 9
111 - 44 22
108 - 121 7
113 - 163 45
119 - 23 46
144 - 52 9
33 - 94 39
2 - 1 38
1 - 26 34
31 - 131 36
27 - 77 8
131 - 101 41
178 - 166 47
11 - 16 42
162 - 133 9
152 - 150 10
101 - 185 2
29 - 103 35
48 - 95 2
53 - 65 44
151 - 169 4
178 - 184 26
1 - 102 25
132 - 128 42
27 - 77 48
196 - 189 29
112 - 164 8
153 - 4 29
3 - 125 46
171 - 165 10
72 - 69 21
163 - 70 28
9 - 112 37
60 - 54 44
175 - 153 11
156 - 26 41
15 - 16 24
30 - 128 27
114 - 158 23
152 - 153 34
129 - 92 28
93 - 140 7
86 - 97 11
79 - 33 29
41 - 74 49
112 - 140 1
31 - 43 29
55 - 66 20
96 - 82 39
100 - 112 28
88 - 39 1
106 - 153 27
13 - 1 37
81 - 190 7
4 - 87 40
102 - 150 7
8 - 5 8
168 - 163 19
82 - 107 18
191 - 122 24
1 - 133 8
104 - 115 26
32 - 125 39
3 - 100 3
13 - 63 38
127 - 180 12
99 - 97 7
150 - 103 18
13 - 100 4
27 - 29 25
32 - 25 48
40 - 65 7
195 - 134 15
116 - 121 1
141 - 166 32
4 - 103 37
151 - 58 46
61 - 52 6
26 - 32 41
133 - 108 39
158 - 159 21
153 - 7 34
41 - 39 42
10 - 51 43
92 - 113 25
154 - 97 9
129 - 10 10
100 - 150 25
76 - 169 25
5 - 4 18
135 - 136 36
85 - 181 4
53 - 59 24
4 - 160 11
112 - 168 25
196 - 29 30
66 - 39 26
104 - 17 7
159 - 57 32
109 - 106 49
144 - 131 8
42 - 95 14
128 - 115 38
166 - 116 24
182 - 86 8
59 - 51 19
62 - 87 0
32 - 100 25
4 - 39 45
154 - 160 46
52 - 59 11
62 - 69 27
18 - 66 47
52 - 16 8
57 - 51 15
88 - 35 1
127 - 15 13
125 - 2 26
100 - 165 8
100 - 51 34
91 - 1 23
79 - 77 20
184 - 106 43
62 - 23 47
108 - 153 30
101 - 79 12
48 - 49 30
38 - 44 13
7 - 19 10
64 - 8 22
110 - 131 32
79 - 80 37
163 - 9 5
164 - 115 27
82 - 131 0
123 - 117 0
64 - 70 24
101 - 126 0
109 - 4 40
172 - 159 37
153 - 160 49
36 - 22 11
67 - 89 35
35 - 47 11
81 - 94 3
181 - 107 44
7 - 19 21
27 - 79 35
1 - 65 12
56 - 73 50
155 - 192 40
48 - 121 48
103 - 102 34
29 - 67 36
46 - 171 45
49 - 35 18
33 - 125 37
93 - 97 2
4 - 1 0
72 - 42 33
118 - 165 12
177 - 185 24
43 - 91 4
13 - 7 49
152 - 101 40
6 - 29 6
29 - 39 44
4 - 105 35
1 - 76 28
81 - 178 46
137 - 8 26
77 - 134 12
34 - 26 48
80 - 171 15
56 - 63 21
38 - 5 31
7 - 10 46
19 - 39 42
153 - 61 17
117 - 100 18
103 - 196 30
175 - 2 46
76 - 88 23
55 - 54 25
12 - 99 20
68 - 74 29
19 - 57 12
114 - 15 49
14 - 103 27
154 - 128 17
14 - 13 9
44 - 47 17
51 - 1 16
171 - 158 11
93 - 6 38
101 - 126 46
152 - 78 24
44 - 146 33
115 - 176 23
76 - 69 7
115 - 196 4
103 - 27 6
41 - 46 18
18 - 20 43
168 - 79 19
118 - 19 37
7 - 158 49
12 - 114 15
156 - 70 28
7 - 107 0
151 - 150 28
101 - 4 8
55 - 2 4
21 - 35 41
55 - 7 38
60 - 188 23
138 - 143 6
17 - 22 17
8 - 187 0
150 - 156 28
1 - 14 0
32 - 183 22
77 - 78 3
108 - 3 2
133 - 159 21
47 - 54 19
102 - 139 4
162 - 163 24
114 - 35 15
102 - 14 31
40 - 29 24
85 - 54 26
69 - 133 34
165 - 101 21
193 - 142 36
53 - 163 16
4 - 10 21
1 - 64 43
54 - 10 2
27 - 91 27
18 - 114 11
3 - 28 1
87 - 57 11
55 - 51 44
35 - 121 24
52 - 2 4
168 - 61 46
29 - 15 4
45 - 191 41
99 - 199 48
19 - 7 47
63 - 13 30
110 - 1 27
101 - 27 0
67 - 5 4
11 - 52 38
7 - 106 38
188 - 26 18
91 - 79 4
103 - 16 42
78 - 28 4
114 - 115 12
26 - 29 20
53 - 85 2
21 - 58 3
138 - 126 22
51 - 83 22
65 - 26 25
71 - 72 40
103 - 109 5
1 - 51 26
102 - 127 6
51 - 64 40
107 - 159 36
173 - 165 48
63 - 13 38
193 - 118 22
131 - 32 15
24 - 62 25
31 - 26 48
68 - 17 31
178 - 175 17
156 - 171 31
57 - 165 21
13 - 64 4
36 - 98 44
112 - 193 5
114 - 100 42
162 - 27 30
100 - 81 42
132 - 28 8
7 - 72 47
49 - 18 3
94 - 10 32
150 - 115 27
89 - 26 26
154 - 185 2
141 - 36 35
110 - 102 28
152 - 178 49
162 - 190 14
2 - 54 15
12 - 24 46
31 - 36 35
76 - 1 39
22 - 121 9
79 - 41 1
46 - 78 31
65 - 164 21
67 - 156 5
87 - 9 7
117 - 18 43
40 - 38 30
41 - 133 30
72 - 196 45
39 - 26 21
156 - 128 42
19 - 111 29
183 - 174 18
6 - 1 31
22 - 91 31
47 - 46 3
101 - 100 26
79 - 55 24
118 - 20 9
4 - 82 43
128 - 181 41
22 - 170 17
163 - 113 27
152 - 155 39
54 - 47 35
10 - 103 47
24 - 22 17
115 - 122 19
102 - 105 12
125 - 126 38
100 - 77 45
139 - 118 36
78 - 3 5
7 - 137 0
106 - 174 35
22 - 93 2
128 - 79 47
8 - 58 28
154 - 101 38
81 - 79 45
57 - 94 34
126 - 178 5
6 - 59 33
57 - 82 42
3 - 44 10
85 - 193 7
99 - 66 41
4 - 6 44
51 - 156 27
85 - 149 23
54 - 94 16
141 - 10 28
134 - 108 29
93 - 15 1
100 - 82 32
155 - 128 10
14 - 11 20
22 - 14 26
129 - 135 36
41 - 49 5
64 - 19 9
30 - 3 36
62 - 18 24
35 - 78 48
162 - 137 6
79 - 80 0
88 - 1 35
184 - 168 48
21 - 169 50
29 - 7 27
7 - 17 35
62 - 37 1
32 - 5 35
88 - 80 24
26 - 76 40
30 - 143 17
29 - 38 26
83 - 52 6
1 - 130 39
109 - 108 38
162 - 102 6
45 - 8 1
171 - 170 23
2 - 4 44
69 - 80 28
12 - 6 29
189 - 171 50
4 - 14 27
61 - 60 7
60 - 173 7
63 - 24 44
103 - 154 3
95 - 85 5
134 - 13 44
21 - 22 30
162 - 68 21
56 - 178 21
54 - 60 18
115 - 54 29
79 - 189 32
104 - 159 22
56 - 6 34
102 - 5 4
22 - 10 14
45 - 53 40
75 - 196 2
9 - 1 21
85 - 186 33
69 - 55 46
1 - 115 27
109 - 45 34
89 - 2 12
140 - 196 22
183 - 139 9
19 - 101 39
137 - 177 46
70 - 7 29
94 - 72 50
115 - 141 14
82 - 27 18
48 - 107 25
26 - 34 28
4 - 112 48
113 - 157 42
52 - 57 28
131 - 118 2
176 - 185 44
152 - 7 24
16 - 24 3
102 - 54 20
144 - 193 23
66 - 63 31
91 - 190 40
96 - 198 25
26 - 77 2
54 - 10 35
28 - 127 46
91 - 90 25
12 - 56 23
104 - 105 27
110 - 29 37
83 - 13 33
27 - 42 20
26 - 57 11
52 - 2 45
10 - 82 6
187 - 103 49
35 - 101 33
195 - 189 45
10 - 5 10
62 - 87 11
166 - 183 26
21 - 16 17
17 - 5 49
168 - 53 26
56 - 82 12
53 - 51 44
5 - 128 7
26 - 29 2
190 - 78 3
35 - 50 47
44 - 47 3
65 - 66 15
133 - 121 50
60 - 108 49
90 - 82 4
89 - 88 22
175 - 184 13
22 - 59 4
94 - 40 27
110 - 8 1
196 - 195 41
81 - 87 44
109 - 118 40
8 - 2 28
73 - 72 12
17 - 109 9
13 - 17 12
10 - 112 1
158 - 52 32
134 - 104 34
139 - 100 44
39 - 132 4
165 - 39 7
22 - 16 27
122 - 110 50
140 - 115 25
57 - 51 32
23 - 97 34
190 - 134 2
29 - 88 44
69 - 150 42
150 - 65 13
68 - 13 47
94 - 88 6
2 - 3 1
175 - 125 8
154 - 6 31
142 - 3 27
62 - 59 42
9 - 19 41
117 - 16 4
130 - 94 32
10 - 60 15
190 - 22 48
72 - 63 6
72 - 60 50
1 - 7 22
137 - 102 27
22 - 26 45
32 - 94 2
66 - 144 42
49 - 37 44
89 - 88 1
7 - 32 33
184 - 187 22
76 - 3 15
5 - 26 12
63 - 71 23
108 - 156 50
53 - 108 15
140 - 153 26
12 - 35 44
129 - 159 20
8 - 171 45
58 - 110 29
60 - 12 6
158 - 159 1
8 - 6 36
29 - 4 3
140 - 126 42
29 - 13 48
178 - 103 34
4 - 57 15
132 - 182 14
2 - 4 49
64 - 41 27
73 - 89 37
34 - 9 15
29 - 94 33
4 - 59 41
53 - 167 49
63 - 58 34
137 - 112 46
5 - 115 25
38 - 65 33
81 - 183 42
121 - 194 20
40 - 29 35
151 - 166 22
29 - 134 3
66 - 79 49
113 - 171 8
168 - 72 18
127 - 156 14
146 - 118 26
79 - 28 42
89 - 63 9
15 - 16 27
79 - 111 16
157 - 107 23
66 - 105 39
41 - 19 47
140 - 146 4
8 - 1 46
170 - 108 20
6 - 1 28
150 - 108 15
32 - 106 3
11 - 122 38
143 - 133 47
32 - 11 35
22 - 8 33
100 - 143 18
83 - 72 27
32 - 21 42
120 - 132 37
35 - 15 6
13 - 1 5
57 - 19 46
51 - 83 45
15 - 164 36
16 - 15 28
107 - 35 12
109 - 158 19
153 - 156 31
82 - 31 10
66 - 69 8
173 - 159 34
28 - 40 38
54 - 70 19
41 - 16 0
88 - 40 18
87 - 105 1
130 - 78 33
107 - 58 15
22 - 11 30
80 - 67 47
115 - 6 35
82 - 42 20
128 - 2 46
120 - 41 47
63 - 165 21
100 - 53 5
51 - 7 40
142 - 93 42
117 - 10 46
106 - 112 4
90 - 189 21
45 - 118 48
94 - 83 21
95 - 20 43
100 - 63 3
103 - 52 19
131 - 57 39
63 - 9 41
11 - 8 6
131 - 149 21
41 - 18 44
104 - 6 0
69 - 170 38
134 - 19 1
107 - 106 18
1 - 110 8
122 - 147 49
107 - 8 45
75 - 35 15
8 - 36 5
170 - 123 6
14 - 2 31
197 - 185 0
35 - 58 14
66 - 113 19
162 - 141 17
2 - 53 1
41 - 29 33
151 - 1 2
102 - 4 2
101 - 163 29
115 - 121 32
14 - 116 36
31 - 32 40
184 - 121 32
193 - 41 36
5 - 26 35
67 - 82 49
6 - 130 14
7 - 8 31
2 - 57 24
34 - 26 25
128 - 104 22
51 - 53 0
78 - 57 36
70 - 112 26
187 - 81 1
137 - 150 50
4 - 129 39
163 - 14 18
49 - 35 50
66 - 165 19
1 - 3 17
100 - 131 42
83 - 35 0
22 - 35 24
32 - 4 41
86 - 33 2
13 - 102 21
4 - 103 23
113 - 139 30
57 - 154 35
22 - 99 25
4 - 28 11
165 - 13 15
3 - 78 15
52 - 157 21
62 - 74 32
46 - 143 41
11 - 107 15
86 - 179 29
33 - 38 46
84 - 35 19
153 - 115 2
26 - 11 15
76 - 1 6
102 - 177 27
8 - 107 18
103 - 119 37
109 - 7 36
128 - 181 30
82 - 78 25
12 - 24 41
41 - 38 50
57 - 94 39
1 - 5 13
78 - 97 26
79 - 56 15
18 - 15 18
91 - 162 45
16 - 64 27
72 - 85 27
150 - 72 22
85 - 41 13
4 - 29 44
197 - 189 11
38 - 19 50
1 - 7 8
184 - 132 32
160 - 11 40
76 - 57 34
156 - 54 31
52 - 60 23
1 - 51 45
7 - 103 1
181 - 178 4
43 - 29 16
46 - 69 9
42 - 39 0
115 - 100 29
140 - 138 20
193 - 137 25
157 - 151 26
13 - 4 4
86 - 181 38
166 - 154 40
69 - 58 19
51 - 15 18
47 - 98 40
39 - 13 17
113 - 72 32
2 - 101 30
72 - 71 19
122 - 159 20
114 - 100 46
82 - 51 33
91 - 89 42
166 - 141 32
134 - 107 14
54 - 164 1
190 - 125 44
136 - 183 29
67 - 64 15
71 - 15 16
98 - 86 7
164 - 51 15
168 - 51 41
118 - 8 17
3 - 9 33
66 - 94 39
3 - 65 45
4 - 2 32
14 - 55 3
114 - 65 42
157 - 184 24
175 - 181 6
1 - 7 5
167 - 109 17
163 - 133 25
143 - 148 7
3 - 16 10
18 - 43 6
56 - 87 7
54 - 178 9
80 - 79 9
69 - 7 27
74 - 99 34
77 - 88 24
13 - 4 35
76 - 7 22
151 - 53 30
11 - 23 14
106 - 100 15
120 - 143 19
131 - 130 33
29 - 57 16
64 - 103 26
151 - 4 14
106 - 10 8
19 - 21 45
160 - 69 13
10 - 85 22
58 - 59 4
26 - 1 16
122 - 23 37
128 - 41 35
150 - 101 24
165 - 126 7
48 - 118 17
44 - 38 30
66 - 54 40
81 - 60 17
64 - 110 41
29 - 5 18
2 - 14 17
131 - 143 48
4 - 178 10
14 - 101 21
86 - 162 32
49 - 48 1
163 - 52 39
109 - 3 34
6 - 40 41
36 - 84 34
156 - 103 21
160 - 80 42
13 - 4 50
185 - 106 16
19 - 41 39
1 - 18 33
51 - 70 43
13 - 72 19
112 - 63 0
161 - 84 3
26 - 112 18
80 - 178 11
53 - 81 50
54 - 91 21
49 - 19 29
107 - 8 50
96 - 169 19
88 - 30 44
62 - 74 36
21 - 18 36
14 - 89 25
2 - 19 20
131 - 96 42
6 - 13 17
178 - 135 36
111 - 107 9
14 - 113 50
13 - 100 14
62 - 159 19
39 - 2 18
29 - 129 36
156 - 184 19
106 - 109 38
167 - 168 23
168 - 152 5
196 - 77 45
25 - 11 37
137 - 193 29
187 - 39 15
147 - 109 36
34 - 35 47
28 - 183 42
171 - 156 45
10 - 30 25
1 - 3 39
172 - 153 30
143 - 137 27
175 - 26 33
30 - 32 36
173 - 41 29
100 - 13 12
51 - 94 1
33 - 61 47
17 - 33 25
79 - 51 26
60 - 66 38
71 - 90 5
19 - 146 6
19 - 27 5
115 - 19 20
131 - 181 18
65 - 63 22
22 - 106 16
90 - 63 39
171 - 74 25
79 - 2 22
4 - 108 2
168 - 19 37
140 - 3 36
107 - 60 13
69 - 128 5
76 - 77 2
128 - 141 48
60 - 58 36
7 - 175 20
105 - 3 7
9 - 38 46
36 - 46 32
187 - 140 13
103 - 126 7
21 - 3 3
146 - 49 10
1 - 79 11
69 - 168 31
109 - 54 33
78 - 77 18
118 - 121 12
103 - 109 31
101 - 107 22
112 - 31 21
81 - 91 16
100 - 13 10
38 - 192 8
4 - 80 16
180 - 153 37
60 - 82 49
109 - 1 30
4 - 3 8
155 - 178 5
24 - 92 43
16 - 121 15
89 - 190 49
145 - 133 50
176 - 101 24
57 - 75 23
80 - 39 4
152 - 131 1
168 - 118 48
114 - 9 50
16 - 34 13
104 - 7 13
142 - 38 12
7 - 183 30
79 - 51 5
57 - 51 34
3 - 76 19
83 - 101 40
45 - 106 31
69 - 106 17
118 - 106 30
190 - 51 0
4 - 32 9
131 - 162 30
75 - 85 0
18 - 16 49
14 - 30 0
158 - 94 28
82 - 182 34
22 - 108 6
127 - 46 11
26 - 116 6
39 - 27 0
57 - 32 3
150 - 26 16
46 - 102 12
167 - 162 28
78 - 81 47
34 - 12 11
82 - 51 23
29 - 67 20
150 - 159 41
27 - 42 27
119 - 109 27
146 - 138 40
132 - 125 21
180 - 7 17
1 - 112 7
39 - 86 36
105 - 155 19
143 - 9 27
72 - 163 48
77 - 33 33
100 - 94 50
160 - 150 41
17 - 8 2
175 - 127 24
4 - 54 12
24 - 168 3
54 - 65 46
13 - 137 37
100 - 152 19
101 - 168 48
154 - 115 36
88 - 166 4
137 - 85 17
119 - 112 8
86 - 60 10
144 - 128 24
194 - 83 36
108 - 37 41
10 - 31 24
84 - 32 26
58 - 104 47
150 - 29 50
180 - 130 3
117 - 123 30
57 - 2 19
91 - 90 4
3 - 65 38
196 - 121 34
134 - 10 11
80 - 92 1
55 - 54 43
109 - 2 16
123 - 31 50
10 - 85 15
115 - 165 20
107 - 57 12
27 - 4 21
184 - 178 44
176 - 52 28
36 - 82 42
128 - 50 13
1 - 64 29
100 - 5 44
167 - 194 14
19 - 13 22
93 - 189 21
29 - 34 37
2 - 5 2
181 - 91 41
44 - 11 4
70 - 44 4
19 - 7 28
107 - 143 48
177 - 183 42
5 - 16 11
100 - 97 49
22 - 63 35
19 - 143 17
27 - 106 10
163 - 2 29
137 - 112 40
47 - 35 49
91 - 41 30
133 - 180 7
118 - 8 41
26 - 76 37
123 - 112 43
60 - 71 27
69 - 60 2
28 - 10 7
84 - 7 27
123 - 15 24
16 - 102 41
65 - 178 15
163 - 151 20
19 - 72 41
156 - 108 7
137 - 102 29
3 - 53 34
4 - 28 44
128 - 137 36
137 - 27 26
111 - 109 25
189 - 139 13
62 - 69 39
160 - 73 8
175 - 63 40
146 - 131 21
36 - 31 36
104 - 77 48
140 - 168 16
9 - 121 45
47 - 34 49
187 - 182 39
177 - 64 17
128 - 4 47
52 - 53 28
112 - 137 27
66 - 115 41
100 - 2 22
112 - 19 27
153 - 5 2
33 - 20 1
146 - 112 43
131 - 150 4
161 - 102 14
109 - 75 31
82 - 65 35
110 - 115 38
72 - 65 10
139 - 100 33
196 - 115 45
127 - 10 42
135 - 132 50
36 - 42 18
119 - 1 33
69 - 38 1
22 - 15 46
56 - 59 14
84 - 97 44
165 - 73 22
3 - 106 1
63 - 52 28
62 - 154 48
71 - 183 23
63 - 57 2
115 - 112 7
138 - 176 48
54 - 76 49
125 - 142 27
4 - 52 4
106 - 38 1
120 - 1 15
130 - 112 25
94 - 194 34
53 - 57 40
79 - 30 11
3 - 102 14
8 - 179 1
121 - 14 28
7 - 44 14
158 - 161 2
3 - 150 32
181 - 125 45
181 - 176 39
195 - 10 15
17 - 107 19
42 - 91 6
106 - 10 24
80 - 54 31
3 - 79 4
159 - 132 23
106 - 118 5
27 - 77 43
22 - 103 41
156 - 107 2
7 - 1 28
4 - 78 0
118 - 155 13
184 - 174 25
24 - 54 23
68 - 121 33
11 - 95 18
46 - 96 48
53 - 152 19
8 - 1 27
4 - 22 7
135 - 103 4
65 - 164 28
127 - 3 5
126 - 83 1
160 - 153 10
140 - 137 5
12 - 74 46
124 - 101 29
115 - 113 49
22 - 4 13
83 - 181 37
159 - 110 18
120 - 112 9
7 - 60 28
106 - 100 7
158 - 7 3
105 - 51 7
137 - 103 14
36 - 86 21
1 - 14 23
167 - 166 41
82 - 41 23
100 - 112 10
16 - 4 35
33 - 2 47
8 - 160 50
59 - 63 36
109 - 103 28
178 - 175 38
59 - 108 15
10 - 68 48
150 - 155 15
75 - 72 16
80 - 17 40
51 - 27 42
32 - 76 21
153 - 121 30
13 - 58 7
181 - 138 19
23 - 16 48
185 - 37 7
136 - 18 26
29 - 34 46
14 - 20 7
102 - 51 14
140 - 22 50
63 - 62 8
107 - 39 50
7 - 5 6
32 - 131 16
103 - 175 10
16 - 14 20
193 - 113 42
106 - 114 23
65 - 17 31
38 - 126 9
30 - 13 17
99 - 96 6
57 - 15 18
59 - 28 15
91 - 81 28
28 - 6 31
181 - 35 47
38 - 27 36
123 - 10 40
88 - 63 5
91 - 113 2
63 - 13 41
156 - 117 44
120 - 157 7
58 - 23 27
190 - 196 28
178 - 185 49
118 - 123 47
152 - 150 42
70 - 150 11
178 - 180 19
168 - 32 38
166 - 118 29
3 - 31 26
91 - 53 46
19 - 14 23
91 - 187 6
30 - 33 8
187 - 66 17
109 - 106 45
51 - 15 27
187 - 131 34
163 - 117 7
82 - 128 27
38 - 27 14
76 - 35 50
39 - 38 19
158 - 102 35
118 - 131 38
125 - 109 14
138 - 100 23
190 - 52 24
58 - 22 13
30 - 104 18
61 - 159 0
118 - 22 11
143 - 19 28
109 - 119 23
156 - 154 37
92 - 79 22
79 - 184 46
8 - 108 45
32 - 7 8
98 - 36 43
143 - 94 47
83 - 175 49
184 - 178 35
156 - 19 47
44 - 112 47
16 - 7 32
185 - 26 33
13 - 4 8
6 - 135 5
3 - 1 33
26 - 125 40
36 - 50 9
1 - 100 47
64 - 54 32
119 - 70 49
36 - 22 28
131 - 1 44
164 - 71 11
136 - 120 42
65 - 196 12
128 - 45 18
197 - 154 6
61 - 59 20
142 - 184 48
43 - 29 34
131 - 135 41
91 - 194 10
184 - 165 41
1 - 150 42
1 - 7 12
58 - 1 11
178 - 52 42
3 - 102 30
38 - 139 47
158 - 121 18
128 - 153 41
163 - 157 3
62 - 159 10
16 - 54 3
4 - 34 40
103 - 2 29
6 - 40 20
52 - 4 15
118 - 107 9
77 - 168 4
9 - 3 13
183 - 125 17
159 - 60 15
28 - 9 39
42 - 31 38
39 - 30 1
114 - 15 41
117 - 142 33
6 - 109 46
22 - 44 5
64 - 150 23
118 - 7 13
26 - 44 7
47 - 85 30
87 - 179 23
50 - 91 11
190 - 175 31
29 - 10 34
30 - 179 4
106 - 102 22
77 - 98 23
162 - 120 43
71 - 158 2
37 - 134 6
16 - 53 28
1 - 26 28
100 - 111 20
103 - 127 46
97 - 82 0
32 - 132 5
31 - 88 29
145 - 40 44
7 - 104 28
180 - 14 33
15 - 16 9
9 - 112 2
76 - 92 20
114 - 15 24
35 - 12 19
35 - 4 25
198 - 197 44
54 - 91 27
112 - 115 31
83 - 20 33
172 - 122 7
132 - 94 28
112 - 1 35
151 - 154 32
59 - 103 45
90 - 133 29
180 - 162 15
32 - 26 8
85 - 54 46
4 - 1 2
7 - 105 43
121 - 112 6
39 - 5 36
71 - 15 27
120 - 158 30
97 - 90 26
132 - 144 18
157 - 150 25
117 - 127 6
86 - 82 46
72 - 54 14
14 - 130 30
46 - 90 11
112 - 106 2
7 - 10 16
19 - 53 48
134 - 106 20
100 - 2 7
110 - 23 47
139 - 106 22
19 - 166 18
66 - 41 7
118 - 64 49
156 - 19 18
29 - 100 37
120 - 145 12
47 - 13 1
40 - 143 45
51 - 67 31
4 - 160 16
61 - 155 49
10 - 17 0
155 - 54 41
76 - 131 38
128 - 194 9
55 - 52 40
57 - 150 23
4 - 88 8
101 - 44 2
137 - 140 33
33 - 131 34
26 - 139 38
108 - 123 36
100 - 63 8
164 - 15 29
14 - 22 1
24 - 105 27
99 - 44 32
184 - 91 29
120 - 113 20
1 - 5 36
22 - 29 34
1 - 54 2
163 - 113 20
34 - 45 28
196 - 29 12
4 - 73 2
7 - 131 24
51 - 52 13
125 - 187 11
16 - 28 16
127 - 42 38
55 - 163 27
34 - 43 13
114 - 115 28
79 - 29 25
66 - 32 1
130 - 28 14
106 - 7 49
27 - 177 1
87 - 156 14
92 - 93 43
164 - 173 47
67 - 69 23
119 - 149 35
103 - 16 33
103 - 121 42
30 - 19 9
47 - 50 33
149 - 198 15
100 - 83 45
21 - 96 28
54 - 60 23
70 - 51 31
1 - 3 26
103 - 32 12
105 - 60 19
82 - 56 14
56 - 4 34
51 - 9 49
42 - 116 15
16 - 14 17
57 - 59 11
164 - 174 30
54 - 31 47
86 - 31 24
51 - 7 22
120 - 170 3
41 - 29 34
1 - 26 29
63 - 26 43
125 - 7 30
40 - 167 12
171 - 164 30
83 - 182 37
159 - 10 11
189 - 187 9
37 - 29 19
19 - 47 45
28 - 131 8
66 - 63 30
44 - 66 19
143 - 44 3
58 - 11 15
182 - 188 18
181 - 103 8
198 - 84 20
60 - 54 0
100 - 96 23
109 - 111 42
16 - 10 42
14 - 16 33
166 - 17 8
28 - 53 38
30 - 57 47
116 - 165 5
6 - 103 22
63 - 140 7
12 - 3 37
195 - 87 32
129 - 102 0
112 - 43 42
8 - 119 11
103 - 106 43
150 - 112 49
171 - 196 38
14 - 2 26
4 - 7 13
179 - 29 43
115 - 124 41
114 - 100 8
18 - 1 40
114 - 106 42
29 - 130 8
26 - 175 0
103 - 116 9
56 - 81 5
6 - 37 42
66 - 1 41
108 - 118 44
29 - 4 10
15 - 2 19
106 - 120 46
13 - 107 14
193 - 146 43
35 - 156 38
13 - 29 6
22 - 10 38
65 - 67 46
10 - 68 31
148 - 130 47
185 - 131 18
120 - 112 3
22 - 153 8
100 - 29 0
76 - 26 36
45 - 187 50
6 - 74 35
60 - 76 43
3 - 139 30
58 - 1 30
123 - 71 26
19 - 13 0
90 - 138 13
24 - 23 21
30 - 125 28
67 - 66 22
16 - 28 41
109 - 187 33
112 - 1 8
13 - 1 17
55 - 11 35
43 - 131 46
7 - 21 2
51 - 7 7
48 - 44 13
29 - 32 30
177 - 158 28
127 - 112 36
197 - 118 8
163 - 105 8
112 - 12 35
1 - 175 16
112 - 116 22
120 - 113 36
4 - 5 6
123 - 6 12
22 - 121 41
25 - 6 10
53 - 188 6
6 - 106 16
60 - 171 1
19 - 38 40
107 - 132 38
34 - 15 2
82 - 7 9
137 - 115 22
128 - 39 20
158 - 60 11
150 - 28 20
196 - 91 17
73 - 63 27
90 - 1 5
28 - 79 42
153 - 18 12
13 - 7 16
34 - 7 26
19 - 44 8
184 - 131 49
100 - 4 9
108 - 128 44
8 - 33 32
52 - 53 37
141 - 137 28
74 - 174 46
6 - 111 39
129 - 115 39
5 - 55 30
162 - 140 0
1 - 8 20
30 - 2 48
35 - 128 40
66 - 117 45
4 - 66 28
39 - 47 16
20 - 94 47
115 - 9 21
37 - 16 38
105 - 31 34
8 - 30 47
101 - 10 33
18 - 15 45
59 - 159 3
181 - 76 41
100 - 193 8
106 - 60 21
63 - 156 14
189 - 84 39
63 - 110 39
126 - 27 32
109 - 106 23
93 - 90 32
156 - 196 21
143 - 121 9
138 - 160 19
41 - 22 9
13 - 20 7
52 - 55 42
177 - 127 48
88 - 30 31
168 - 12 48
51 - 78 40
189 - 134 44
86 - 54 40
16 - 4 10
128 - 104 38
190 - 165 43
194 - 127 50
186 - 49 45
76 - 1 2
3 - 133 50
4 - 68 45
7 - 32 4
37 - 12 13
93 - 28 5
112 - 107 36
150 - 103 40
56 - 81 11
69 - 15 11
33 - 1 33
54 - 190 0
4 - 57 37
130 - 100 41
69 - 165 45
36 - 191 4
39 - 41 18
17 - 39 38
165 - 174 7
102 - 131 34
17 - 141 45
19 - 22 13
2 - 52 20
107 - 118 20
35 - 83 25
158 - 74 50
5 - 125 12
82 - 85 39
23 - 191 39
137 - 3 49
77 - 51 11
164 - 65 4
32 - 13 45
15 - 68 40
16 - 18 35
62 - 63 20
170 - 112 9
110 - 82 45
109 - 4 33
19 - 41 48
129 - 30 20
159 - 156 15
7 - 100 28
154 - 8 15
106 - 102 8
3 - 32 2
169 - 150 19
79 - 54 19
47 - 13 23
105 - 2 15
17 - 118 42
33 - 83 47
102 - 13 13
100 - 103 7
71 - 94 2
178 - 177 1
14 - 106 33
14 - 13 23
102 - 47 5
6 - 155 15
40 - 2 13
82 - 100 11
9 - 4 2
106 - 13 13
107 - 152 46
190 - 167 44
69 - 53 5
2 - 54 2
51 - 82 28
39 - 27 38
38 - 25 43
2 - 177 7
66 - 2 28
15 - 140 29
194 - 163 34
156 - 32 49
106 - 152 21
41 - 81 26
13 - 120 15
104 - 103 50
137 - 102 3
137 - 118 39
106 - 59 24
178 - 31 10
194 - 144 29
178 - 77 22
77 - 78 12
58 - 10 30
159 - 85 0
7 - 46 2
135 - 33 40
28 - 37 46
25 - 22 25
137 - 112 47
106 - 112 22
58 - 51 27
94 - 169 28
119 - 106 45
109 - 152 5
33 - 132 4
93 - 81 23
64 - 52 31
104 - 154 10
27 - 64 11
174 - 63 1
52 - 85 47
132 - 133 28
118 - 193 30
5 - 13 44
133 - 71 42
116 - 55 9
26 - 35 24
68 - 189 16
66 - 118 32
11 - 2 24
185 - 163 16
26 - 3 17
103 - 22 33
109 - 50 47
130 - 180 36
106 - 57 34
100 - 27 4
187 - 85 12
14 - 113 27
95 - 35 48
162 - 190 42
112 - 13 36
45 - 33 7
121 - 168 11
57 - 60 34
32 - 106 34
7 - 159 41
2 - 17 26
47 - 35 20
38 - 187 28
126 - 167 15
127 - 100 21
106 - 118 31
39 - 26 39
149 - 124 41
22 - 21 50
108 - 157 0
90 - 68 23
108 - 163 13
49 - 25 29
178 - 156 21
86 - 88 11
78 - 59 38
51 - 53 12
170 - 68 35
32 - 109 41
102 - 101 14
133 - 108 40
168 - 51 32
16 - 15 47
49 - 45 30
168 - 69 17
127 - 133 9
126 - 176 2
106 - 112 41
57 - 8 35
109 - 103 3
2 - 1 29
8 - 20 7
165 - 162 2
98 - 80 48
157 - 156 1
13 - 60 36
155 - 51 4
62 - 31 19
53 - 96 5
196 - 183 35
91 - 63 18
153 - 194 2
71 - 108 23
184 - 29 39
9 - 71 48
78 - 65 39
8 - 5 14
100 - 153 46
74 - 117 13
14 - 16 21
88 - 69 14
131 - 32 48
190 - 138 11
15 - 14 30
125 - 54 23
51 - 66 36
138 - 85 2
44 - 32 2
138 - 44 48
3 - 28 24
42 - 45 45
171 - 169 5
10 - 106 26
10 - 60 23
79 - 193 36
120 - 125 29
57 - 58 28
165 - 19 40
29 - 141 2
90 - 9 11
53 - 164 44
69 - 51 22
91 - 4 40
69 - 156 21
16 - 68 38
104 - 122 39
188 - 8 26
198 - 111 41
103 - 100 47
15 - 74 5
16 - 109 6
9 - 128 43
127 - 158 28
32 - 41 1
50 - 19 37
32 - 1 29
134 - 12 5
7 - 105 37
61 - 156 21
106 - 112 41
151 - 101 17
103 - 125 47
77 - 26 22
27 - 26 43
37 - 133 48
29 - 102 2
62 - 7 13
134 - 133 48
81 - 34 0
84 - 8 50
128 - 137 47
106 - 101 46
19 - 149 41
115 - 138 3
34 - 29 37
97 - 51 8
4 - 7 8
16 - 24 38
190 - 10 43
26 - 1 16
130 - 137 13
153 - 137 36
150 - 76 4
111 - 127 8
163 - 166 27
62 - 18 29
79 - 187 49
82 - 84 48
10 - 35 4
159 - 131 46
38 - 152 9
53 - 158 15
177 - 102 4
85 - 29 16
68 - 4 37
170 - 3 6
100 - 188 16
7 - 131 2
69 - 51 39
153 - 102 8
3 - 19 18
53 - 28 32
128 - 115 4
157 - 59 24
67 - 17 50
18 - 134 47
47 - 16 30
51 - 169 46
154 - 150 28
165 - 159 12
156 - 4 41
63 - 2 38
117 - 154 44
60 - 32 26
112 - 63 26
118 - 163 18
108 - 125 40
38 - 40 46
101 - 97 17
97 - 182 2
21 - 112 36
107 - 8 44
118 - 94 49
173 - 146 43
103 - 145 1
37 - 198 22
102 - 38 44
191 - 190 27
43 - 97 44
112 - 1 15
86 - 132 28
70 - 45 47
55 - 4 19
114 - 57 12
111 - 5 1
115 - 190 13
63 - 16 10
42 - 39 5
101 - 113 28
63 - 66 30
34 - 4 26
32 - 7 48
116 - 103 26
77 - 178 6
62 - 35 33
102 - 78 0
81 - 68 10
108 - 121 47
65 - 16 31
53 - 57 29
125 - 127 16
117 - 52 23
49 - 29 36
32 - 38 3
172 - 106 18
10 - 4 31
175 - 94 2
153 - 176 30
54 - 55 21
28 - 54 9
130 - 125 19
38 - 41 49
35 - 39 9
14 - 94 26
30 - 55 0
7 - 51 27
168 - 120 41
118 - 100 6
98 - 45 40
187 - 65 50
32 - 106 44
106 - 157 33
63 - 64 47
29 - 35 23
88 - 32 7
1 - 13 3
143 - 194 17
128 - 110 41
22 - 19 42
182 - 35 43
77 - 176 17
133 - 130 9
152 - 137 37
20 - 22 18
94 - 39 3
33 - 1 29
3 - 112 17
100 - 111 20
60 - 88 5
10 - 96 48
101 - 116 40
24 - 22 34
57 - 80 1
13 - 20 4
38 - 128 17
10 - 29 12
100 - 29 50
111 - 137 28
57 - 196 44
39 - 138 22
62 - 37 20
61 - 58 40
184 - 97 36
82 - 168 43
26 - 51 8
115 - 118 47
103 - 2 30
131 - 106 33
24 - 44 18
78 - 106 31
94 - 46 12
10 - 123 19
118 - 165 6
85 - 87 22
189 - 102 7
152 - 1 6
175 - 43 10
37 - 19 18
153 - 159 32
16 - 54 27
89 - 39 25
7 - 30 45
49 - 36 19
100 - 6 1
20 - 48 11
137 - 125 21
114 - 117 46
111 - 112 18
108 - 1 3
19 - 143 27
22 - 4 19
54 - 127 0
157 - 66 12
32 - 2 0
66 - 34 44
115 - 124 39
192 - 65 5
45 - 107 36
6 - 18 27
146 - 185 4
125 - 79 13
110 - 39 49
130 - 137 8
177 - 164 18
13 - 69 15
118 - 138 28
159 - 122 7
141 - 104 48
192 - 127 28
52 - 160 6
68 - 1 28
77 - 60 17
121 - 49 42
193 - 44 39
20 - 177 38
32 - 63 12
171 - 159 3
133 - 187 33
168 - 68 35
153 - 4 29
22 - 124 41
130 - 127 21
106 - 42 44
35 - 42 15
103 - 101 46
26 - 32 30
140 - 112 35
102 - 104 44
150 - 68 25
29 - 4 37
57 - 1 43
77 - 52 6
27 - 4 46
56 - 61 7
69 - 60 22
131 - 27 39
28 - 3 22
68 - 53 49
64 - 82 31
152 - 177 47
9 - 57 34
3 - 107 0
137 - 159 33
139 - 94 11
43 - 79 4
11 - 63 29
51 - 76 38
134 - 60 7
44 - 32 11
9 - 33 3
1 - 14 14
96 - 28 30
3 - 51 33
39 - 91 45
152 - 105 25
69 - 7 49
15 - 105 4
32 - 26 33
70 - 72 44
41 - 14 29
156 - 7 49
110 - 121 33
73 - 88 2
98 - 24 36
59 - 35 8
60 - 83 39
168 - 11 15
128 - 140 16
181 - 179 46
13 - 126 39
128 - 27 36
15 - 4 35
54 - 56 33
125 - 175 48
162 - 29 12
37 - 47 33
194 - 168 50
55 - 115 15
60 - 7 11
90 - 84 48
29 - 79 24
107 - 54 28
102 - 34 20
76 - 98 16
184 - 134 9
122 - 114 48
179 - 26 49
53 - 54 14
107 - 112 27
140 - 30 26
177 - 77 44
101 - 129 37
7 - 131 32
80 - 126 23
58 - 156 6
110 - 134 0
163 - 8 41
57 - 64 13
119 - 51 4
52 - 10 19
54 - 51 24
176 - 42 46
94 - 1 38
5 - 190 9
122 - 47 30
122 - 110 17
14 - 58 17
56 - 6 18
12 - 3 27
66 - 105 12
60 - 55 14
187 - 60 9
80 - 151 3
38 - 3 33
114 - 175 45
9 - 77 1
19 - 22 23
131 - 34 1
32 - 15 33
105 - 4 46
20 - 113 38
199 - 123 7
48 - 184 49
187 - 162 5
13 - 52 23
101 - 150 14
2 - 39 19
157 - 181 36
79 - 27 37
146 - 132 27
134 - 35 4
7 - 100 44
24 - 21 40
131 - 156 11
31 - 130 34
52 - 188 16
6 - 3 38
56 - 130 36
155 - 62 14
115 - 39 10
2 - 38 36
7 - 127 39
16 - 18 40
72 - 159 50
58 - 45 44
60 - 22 3
2 - 126 1
94 - 82 30
9 - 59 17
7 - 57 30
128 - 35 30
128 - 129 9
41 - 192 32
71 - 27 5
21 - 111 0
112 - 190 35
152 - 158 6
4 - 7 32
19 - 15 47
125 - 187 44
6 - 35 14
29 - 76 30
128 - 16 50
121 - 182 14
162 - 15 4
179 - 55 15
3 - 41 10
99 - 72 46
171 - 38 43
110 - 107 32
140 - 136 19
128 - 129 21
93 - 43 49
74 - 82 18
141 - 164 1
109 - 130 0
76 - 179 50
4 - 14 2
85 - 146 37
146 - 134 32
23 - 17 47
189 - 138 26
88 - 157 30
34 - 26 2
19 - 114 23
13 - 64 33
65 - 68 48
54 - 17 46
112 - 38 17
29 - 32 38
149 - 97 35
111 - 156 26
63 - 47 36
29 - 79 44
165 - 112 5
5 - 89 22
100 - 103 22
83 - 32 12
89 - 179 27
62 - 15 48
170 - 143 8
1 - 156 43
33 - 83 38
173 - 16 25
160 - 171 28
59 - 164 27
85 - 72 35
32 - 16 34
52 - 33 0
89 - 27 2
150 - 156 25
106 - 190 31
91 - 39 29
143 - 109 36
85 - 69 10
38 - 85 47
174 - 69 14
64 - 16 5
167 - 7 37
5 - 83 38
32 - 59 27
129 - 182 2
196 - 189 29
135 - 112 7
53 - 56 30
171 - 163 11
175 - 178 36
180 - 80 14
7 - 105 25
57 - 78 36
64 - 52 24
63 - 72 42
118 - 19 23
46 - 4 38
10 - 66 37
10 - 3 21
154 - 150 31
55 - 67 40
76 - 125 40
47 - 9 18
7 - 72 10
28 - 47 9
118 - 18 3
125 - 30 23
128 - 134 1
115 - 131 11
122 - 10 42
63 - 86 16
100 - 9 37
131 - 143 12
113 - 18 14
46 - 33 25
101 - 151 37
14 - 1 37
54 - 131 49
13 - 63 42
106 - 109 38
68 - 48 47
63 - 79 23
26 - 38 22
143 - 184 10
79 - 31 23
187 - 136 32
100 - 181 33
56 - 21 1
1 - 54 0
33 - 27 35
188 - 116 30
2 - 100 49
121 - 174 11
129 - 39 21
29 - 9 29
150 - 109 29
67 - 55 45
58 - 160 4
78 - 51 27
13 - 168 17
78 - 171 47
141 - 28 15
162 - 166 4
151 - 168 35
44 - 100 17
10 - 23 29
104 - 152 4
125 - 175 50
104 - 134 9
54 - 4 5
1 - 5 28
147 - 36 5
105 - 54 20
22 - 131 31
78 - 99 4
17 - 30 46
56 - 7 8
22 - 29 0
102 - 103 38
155 - 53 38
118 - 29 14
168 - 90 3
177 - 149 7
47 - 31 48
60 - 51 37
4 - 100 50
13 - 7 26
11 - 60 39
79 - 69 34
14 - 92 17
76 - 51 29
10 - 44 4
54 - 102 30
7 - 8 10
35 - 130 4
58 - 32 49
106 - 185 32
128 - 129 29
4 - 14 41
104 - 153 41
100 - 154 47
44 - 13 39
141 - 29 33
132 - 146 22
58 - 38 46
30 - 7 14
126 - 128 31
62 - 4 32
130 - 108 47
176 - 88 19
60 - 8 33
151 - 126 48
112 - 51 22
51 - 13 42
16 - 183 34
62 - 12 27
36 - 80 22
102 - 103 17
74 - 78 13
187 - 89 24
137 - 129 20
4 - 7 4
8 - 33 22
177 - 88 32
7 - 22 48
177 - 3 25
134 - 128 16
51 - 107 11
100 - 11 18
108 - 26 30
159 - 172 13
115 - 112 25
193 - 190 43
31 - 3 2
115 - 126 8
128 - 29 45
158 - 3 16
7 - 5 36
1 - 3 2
139 - 142 9
90 - 88 21
2 - 100 28
16 - 3 42
56 - 57 35
19 - 22 42
145 - 161 1
4 - 19 6
175 - 128 19
116 - 112 1
39 - 16 34
83 - 60 15
109 - 7 43
64 - 67 24
54 - 78 3
158 - 35 27
118 - 64 37
182 - 181 22
51 - 190 13
151 - 125 30
56 - 105 17
128 - 190 11
77 - 58 13
65 - 21 35
82 - 166 30
171 - 197 33
27 - 2 26
55 - 54 22
170 - 192 10
152 - 181 39
166 - 117 19
4 - 100 48
35 - 2 44
171 - 173 10
96 - 47 38
40 - 187 36
96 - 140 42
181 - 196 2
72 - 20 7
113 - 128 33
12 - 63 21
26 - 193 34
33 - 5 17
16 - 22 33
70 - 22 25
1 - 16 26
171 - 159 40
180 - 78 21
162 - 13 35
10 - 85 25
35 - 7 50
156 - 63 41
187 - 162 14
22 - 126 15
125 - 132 32
89 - 2 41
119 - 137 34
187 - 94 20
38 - 35 16
104 - 21 23
17 - 18 4
54 - 165 19
133 - 10 21
50 - 57 46
112 - 106 19
3 - 15 10
104 - 103 47
79 - 178 6
81 - 168 10
57 - 53 19
125 - 103 16
4 - 25 4
21 - 58 46
144 - 196 21
113 - 115 40
119 - 125 36
153 - 178 49
129 - 134 46
111 - 103 2
13 - 17 46
106 - 115 27
110 - 122 16
92 - 51 46
141 - 91 29
35 - 12 41
45 - 194 34
29 - 33 37
1 - 4 46
19 - 15 30
36 - 4 24
65 - 53 4
115 - 24 0
72 - 90 0
112 - 106 17
10 - 102 38
154 - 54 36
24 - 10 8
72 - 172 48
115 - 105 23
1 - 157 1
44 - 35 46
77 - 51 0
52 - 4 19
39 - 20 0
153 - 109 22
60 - 36 40
109 - 159 15
19 - 91 9
171 - 159 27
163 - 2 48
26 - 28 33
10 - 145 29
17 - 16 3
26 - 2 39
41 - 16 46
114 - 38 19
13 - 7 13
109 - 184 10
51 - 101 10
197 - 163 4
103 - 127 2
176 - 175 25
30 - 77 38
175 - 26 9
14 - 39 8
38 - 15 30
65 - 167 10
165 - 161 6
54 - 6 21
10 - 36 49
14 - 8 49
109 - 51 14
176 - 188 46
107 - 110 35
51 - 69 11
30 - 4 50
33 - 13 48
24 - 7 50
12 - 11 17
156 - 60 28
21 - 22 43
108 - 105 15
107 - 58 49
109 - 112 3
63 - 35 42
146 - 149 12
77 - 17 19
28 - 6 16
158 - 10 38
129 - 186 45
113 - 89 9
8 - 97 21
16 - 56 37
128 - 104 26
26 - 36 14
37 - 12 43
54 - 128 8
73 - 64 16
176 - 80 36
32 - 61 20
27 - 1 43
128 - 35 33
44 - 26 37
28 - 84 14
29 - 82 22
180 - 127 42
78 - 38 9
97 - 53 35
82 - 155 7
68 - 22 18
78 - 177 19
95 - 88 25
189 - 158 46
103 - 13 10
85 - 84 3
62 - 12 22
169 - 94 24
9 - 113 43
1 - 19 23
15 - 40 26
51 - 76 17
108 - 171 24
180 - 162 49
64 - 5 33
28 - 76 31
33 - 38 17
35 - 30 50
4 - 100 2
2 - 106 8
40 - 120 26
137 - 140 15
32 - 20 16
101 - 107 9
171 - 76 22
102 - 142 11
16 - 118 16
22 - 34 31
8 - 2 22
30 - 13 41
103 - 109 24
28 - 103 47
40 - 102 16
101 - 172 4
66 - 41 47
38 - 132 2
41 - 40 2
59 - 94 43
145 - 140 25
117 - 18 3
85 - 82 3
103 - 106 9
68 - 167 42
100 - 1 28
181 - 183 47
66 - 15 35
28 - 153 14
32 - 29 29
188 - 77 27
18 - 155 40
132 - 126 18
4 - 8 30
88 - 64 47
164 - 64 16
1 - 2 35
9 - 188 43
57 - 71 22
69 - 78 40
126 - 187 23
103 - 112 41
5 - 122 28
172 - 75 46
106 - 105 14
50 - 23 48
25 - 47 43
44 - 131 23
23 - 1 28
155 - 24 40
154 - 55 27
127 - 37 3
74 - 173 38
100 - 102 11
106 - 131 12
14 - 19 48
51 - 52 32
39 - 76 39
52 - 55 49
41 - 19 6
66 - 4 18
103 - 13 7
66 - 22 12
63 - 58 14
29 - 154 45
14 - 30 42
164 - 167 44
152 - 54 20
159 - 132 29
2 - 14 7
125 - 21 6
24 - 139 27
193 - 32 25
32 - 38 21
58 - 10 42
88 - 89 17
151 - 54 23
63 - 62 23
85 - 126 34
181 - 126 18
134 - 35 2
54 - 100 17
37 - 50 15
132 - 134 27
173 - 174 17
4 - 10 9
187 - 88 8
2 - 58 42
108 - 114 21
181 - 156 48
114 - 33 36
136 - 132 22
126 - 151 41
90 - 190 44
58 - 55 32
82 - 60 47
84 - 87 4
176 - 34 46
139 - 187 49
69 - 97 43
13 - 88 17
125 - 1 6
52 - 16 38
4 - 19 49
198 - 3 20
2 - 1 23
57 - 69 22
189 - 143 3
103 - 117 35
51 - 78 10
109 - 159 32
39 - 138 27
138 - 184 25
77 - 89 10
142 - 128 0
4 - 3 1
198 - 48 45
103 - 106 50
178 - 100 25
26 - 74 20
51 - 63 20
109 - 110 45
18 - 184 20
112 - 19 15
76 - 54 34
134 - 100 35
64 - 112 3
10 - 22 50
111 - 49 42
82 - 53 0
156 - 159 5
14 - 20 1
129 - 126 7
64 - 58 47
44 - 49 0
28 - 102 14
82 - 57 22
184 - 163 1
26 - 5 12
10 - 72 11
158 - 51 23
27 - 14 40
139 - 189 12
152 - 100 6
115 - 105 8
16 - 140 41
63 - 156 39
59 - 71 22
129 - 27 14
94 - 99 19
67 - 23 33
176 - 100 44
66 - 141 50
6 - 109 24
4 - 10 45
26 - 63 38
54 - 10 6
165 - 116 9
162 - 111 14
140 - 170 30
179 - 88 37
14 - 63 15
101 - 54 48
128 - 40 13
19 - 182 8
92 - 91 29
153 - 164 10
18 - 50 9
52 - 54 41
133 - 183 46
119 - 21 7
159 - 108 48
20 - 140 36
105 - 192 13
146 - 130 34
115 - 168 18
181 - 163 6
165 - 60 37
11 - 52 8
113 - 162 33
25 - 89 1
53 - 51 0
94 - 182 6
34 - 28 2
109 - 35 11
56 - 85 5
22 - 21 29
188 - 179 30
156 - 126 47
129 - 91 9
10 - 5 28
76 - 187 4
127 - 183 29
22 - 106 7
47 - 15 13
181 - 82 30
146 - 196 5
127 - 118 18
153 - 179 7
164 - 59 30
13 - 16 5
68 - 91 2
27 - 95 8
125 - 32 19
106 - 108 49
79 - 178 33
80 - 41 2
182 - 179 39
146 - 197 0
2 - 59 38
26 - 125 44
112 - 1 15
53 - 51 26
15 - 4 25
140 - 146 0
22 - 196 29
47 - 11 10
112 - 114 34
109 - 143 50
18 - 13 7
175 - 169 26
60 - 66 14
94 - 62 46
40 - 26 38
131 - 60 47
112 - 100 37
103 - 133 36
117 - 159 28
33 - 46 29
12 - 35 14
114 - 164 46
113 - 45 28
3 - 16 34
28 - 130 47
18 - 1 15
6 - 29 5
104 - 121 41
6 - 18 13
1 - 26 14
10 - 29 15
190 - 188 27
66 - 17 12
46 - 118 12
4 - 28 35
114 - 100 26
5 - 30 32
115 - 108 9
162 - 138 11
58 - 85 43
53 - 100 2
7 - 46 31
29 - 32 12
23 - 124 18
125 - 159 0
57 - 161 20
69 - 76 15
158 - 84 41
29 - 6 38
168 - 59 14
16 - 68 37
66 - 64 27
118 - 115 49
4 - 16 32
146 - 171 14
127 - 125 10
2 - 4 44
1 - 112 6
4 - 3 2
30 - 179 1
74 - 67 44
12 - 21 30
151 - 152 40
69 - 54 4
156 - 54 24
129 - 185 37
29 - 28 4
2 - 1 10
72 - 159 33
2 - 14 12
30 - 9 50
118 - 13 48
6 - 18 28
134 - 128 27
66 - 15 39
77 - 43 38
29 - 58 10
161 - 100 21
88 - 177 5
39 - 38 32
36 - 32 3
92 - 42 37
51 - 56 2
187 - 145 42
23 - 22 16
51 - 4 8
98 - 89 16
184 - 181 1
88 - 63 33
159 - 161 40
131 - 2 36
168 - 155 31
190 - 164 21
144 - 135 18
68 - 7 27
87 - 59 9
3 - 113 21
192 - 153 29
7 - 32 9
88 - 16 5
134 - 185 44
27 - 3 41
38 - 26 15
4 - 57 35
140 - 100 32
115 - 17 6
127 - 139 21
193 - 169 19
131 - 191 50
157 - 194 29
132 - 170 46
79 - 3 11
44 - 32 25
66 - 59 48
41 - 131 6
48 - 16 18
20 - 43 28
94 - 88 4
69 - 187 4
4 - 104 1
107 - 103 10
91 - 15 2
72 - 44 16
130 - 29 48
39 - 38 5
16 - 97 25
93 - 68 9
57 - 107 34
42 - 116 10
95 - 64 25
3 - 28 25
128 - 35 46
41 - 82 49
135 - 112 5
118 - 112 40
45 - 2 20
132 - 130 21
16 - 4 48
24 - 11 5
67 - 19 15
17 - 66 35
103 - 153 18
56 - 162 18
165 - 132 32
5 - 11 19
138 - 188 16
16 - 9 14
169 - 39 13
57 - 2 32
118 - 110 26
41 - 140 45
66 - 23 25
28 - 32 46
143 - 193 50
156 - 153 27
67 - 153 29
19 - 112 7
102 - 100 1
2 - 6 4
4 - 16 46
52 - 63 7
79 - 84 9
178 - 106 4
35 - 147 8
26 - 30 29
79 - 82 11
92 - 80 36
1 - 10 44
102 - 120 26
7 - 19 14
1 - 118 16
65 - 21 9
38 - 138 21
182 - 179 45
47 - 27 10
111 - 59 6
176 - 39 7
7 - 85 39
114 - 109 37
148 - 117 9
101 - 51 16
98 - 92 48
56 - 80 46
6 - 57 32
52 - 176 40
131 - 159 40
100 - 50 35
10 - 35 42
79 - 176 35
99 - 79 11
125 - 126 0
13 - 15 38
68 - 53 44
102 - 115 4
191 - 138 44
52 - 165 4
93 - 184 14
126 - 30 16
29 - 1 9
102 - 194 45
100 - 7 25
16 - 47 40
150 - 103 19
93 - 41 7
80 - 30 48
173 - 186 37
63 - 53 36
66 - 17 47
51 - 53 5
60 - 193 45
2 - 103 33
125 - 103 25
162 - 66 48
32 - 28 6
137 - 63 27
12 - 60 48
4 - 1 27
189 - 113 49
110 - 104 41
78 - 182 37
9 - 53 17
148 - 75 23
198 - 171 35
164 - 19 17
77 - 151 10
175 - 150 22
2 - 14 4
57 - 72 2
59 - 44 40
21 - 97 32
187 - 179 41
11 - 22 30
134 - 88 48
95 - 86 32
109 - 7 48
100 - 88 38
51 - 91 22
113 - 55 33
156 - 163 3
176 - 51 14
168 - 102 35
196 - 45 10
3 - 78 25
141 - 133 25
38 - 103 48
115 - 165 33
90 - 88 0
58 - 51 8
12 - 130 32
175 - 118 14
61 - 79 27
101 - 96 47
15 - 13 27
112 - 16 24
19 - 32 0
47 - 22 22
101 - 115 47
131 - 106 7
77 - 109 3
68 - 127 21
169 - 184 28
150 - 95 0
32 - 26 7
15 - 10 33
134 - 50 14
103 - 4 48
154 - 54 41
59 - 123 12
35 - 26 34
194 - 94 1
68 - 29 39
11 - 4 49
15 - 81 31
10 - 3 23
109 - 51 16
39 - 38 12
198 - 161 44
35 - 10 34
7 - 10 49
10 - 110 46
192 - 120 21
112 - 153 2
152 - 150 43
106 - 5 47
146 - 121 23
157 - 182 23
128 - 137 28
9 - 40 48
125 - 51 15
82 - 76 6
69 - 13 9
1 - 7 2
118 - 170 50
186 - 31 11
171 - 195 15
112 - 103 11
38 - 15 50
185 - 133 31
105 - 31 26
127 - 102 2
1 - 4 2
117 - 146 43
159 - 104 4
20 - 113 25
96 - 55 43
44 - 8 29
121 - 60 19
55 - 1 23
13 - 27 2
38 - 65 42
57 - 33 1
54 - 66 10
78 - 54 31
175 - 80 35
123 - 146 25
70 - 171 49
134 - 106 33
196 - 140 33
113 - 119 15
32 - 88 16
10 - 100 44
69 - 171 35
154 - 102 50
150 - 153 3
40 - 74 10
22 - 7 39
94 - 52 13
145 - 142 2
4 - 101 46
79 - 142 21
59 - 52 0
55 - 179 34
76 - 46 20
97 - 187 20
75 - 63 7
69 - 118 33
63 - 168 19
82 - 131 42
105 - 15 49
104 - 102 50
78 - 127 25
1 - 52 16
69 - 149 8
128 - 26 18
142 - 148 9
80 - 178 17
181 - 14 12
109 - 122 26
150 - 51 35
128 - 7 25
100 - 2 9
113 - 15 4
29 - 47 21
129 - 34 17
190 - 41 9
17 - 5 48
15 - 171 21
57 - 3 19
54 - 16 8
128 - 35 37
25 - 95 47
190 - 41 13
131 - 76 13
10 - 54 33
18 - 22 31
198 - 153 27
158 - 44 16
88 - 168 19
18 - 3 6
72 - 47 45
77 - 27 11
79 - 83 49
170 - 167 28
128 - 138 28
88 - 32 35
4 - 18 32
134 - 3 12
174 - 189 38
60 - 4 28
13 - 2 44
107 - 128 16
66 - 165 37
128 - 1 30
125 - 152 47
8 - 36 29
76 - 51 19
97 - 87 13
62 - 18 19
11 - 23 6
100 - 29 36
153 - 178 16
118 - 93 2
113 - 176 47
146 - 40 42
120 - 42 13
79 - 35 31
168 - 113 22
163 - 164 30
131 - 175 17
8 - 82 35
178 - 100 43
16 - 19 14
9 - 59 50
71 - 69 41
104 - 21 11
6 - 55 8
76 - 26 22
1 - 51 25
113 - 116 20
115 - 113 29
65 - 70 8
104 - 112 25
31 - 43 8
118 - 182 45
120 - 114 20
55 - 81 15
58 - 2 5
199 - 168 15
136 - 10 7
184 - 152 36
131 - 158 23
113 - 52 8
27 - 72 26
127 - 125 38
57 - 54 42
60 - 109 7
130 - 131 39
104 - 128 13
100 - 125 2
109 - 118 10
76 - 63 44
165 - 196 18
112 - 137 46
25 - 16 46
57 - 60 14
135 - 134 10
159 - 10 15
89 - 14 27
137 - 129 8
39 - 92 4
13 - 101 5
53 - 3 46
125 - 137 40
74 - 106 49
12 - 74 49
162 - 112 17
178 - 134 3
105 - 103 1
64 - 157 15
3 - 150 37
55 - 51 48
4 - 29 8
4 - 7 17
182 - 1 19
188 - 138 39
80 - 162 20
27 - 138 15
59 - 65 23
13 - 115 20
84 - 159 43
84 - 82 13
125 - 13 35
197 - 182 36
126 - 131 42
89 - 57 5
143 - 125 25
10 - 105 23
66 - 14 30
7 - 14 2
182 - 178 49
52 - 102 49
132 - 2 49
162 - 112 27
59 - 51 28
103 - 55 12
2 - 103 37
153 - 77 4
119 - 118 0
55 - 58 35
18 - 27 38
106 - 159 16
19 - 41 36
28 - 44 20
103 - 112 14
162 - 112 39
119 - 121 3
159 - 170 26
49 - 196 35
66 - 103 14
76 - 39 19
10 - 40 10
169 - 194 15
143 - 122 21
63 - 95 35
121 - 9 46
143 - 141 15
57 - 60 46
115 - 143 18
28 - 50 10
1 - 13 38
140 - 1 20
63 - 71 11
123 - 184 31
159 - 156 45
78 - 40 38
152 - 3 43
177 - 3 4
140 - 81 18
178 - 4 30
130 - 15 12
3 - 120 16
118 - 41 50
195 - 53 28
147 - 135 12
178 - 180 8
81 - 79 23
69 - 54 9
138 - 88 29
4 - 1 2
183 - 167 13
87 - 65 37
143 - 121 49
2 - 128 25
44 - 82 42
102 - 139 9
7 - 56 23
95 - 20 16
52 - 102 20
51 - 53 10
105 - 168 22
37 - 7 2
156 - 58 17
143 - 7 15
76 - 26 34
68 - 15 27
190 - 178 34
179 - 29 34
31 - 6 22
30 - 32 26
173 - 187 49
130 - 13 26
115 - 141 23
154 - 57 9
112 - 156 33
35 - 120 6
125 - 1 42
104 - 113 14
97 - 187 2
13 - 1 2
16 - 3 47
83 - 185 7
87 - 91 21
29 - 43 17
19 - 42 14
110 - 22 46
168 - 166 20
190 - 188 45
100 - 127 4
113 - 165 12
57 - 51 16
26 - 1 1
19 - 113 37
113 - 16 21
41 - 137 3
100 - 1 22
106 - 115 8
181 - 100 42
29 - 2 28
82 - 32 38
7 - 21 4
131 - 103 8
186 - 180 33
3 - 1 17
57 - 33 49
115 - 1 12
121 - 35 34
83 - 79 15
76 - 53 10
162 - 175 42
101 - 33 42
93 - 78 23
106 - 19 19
32 - 35 41
51 - 3 37
4 - 16 29
2 - 101 47
116 - 104 12
113 - 138 20
4 - 6 50
64 - 153 32
17 - 16 33
106 - 16 28
109 - 20 3
143 - 132 1
127 - 115 45
196 - 118 23
50 - 38 28
85 - 153 47
141 - 104 19
93 - 82 14
19 - 146 10
4 - 7 1
183 - 179 4
79 - 77 35
63 - 69 11
121 - 17 3
80 - 44 26
52 - 27 9
139 - 4 22
57 - 12 47
164 - 102 12
196 - 14 2
128 - 41 23
17 - 38 33
162 - 16 18
103 - 10 49
29 - 13 19
26 - 128 1
21 - 37 43
55 - 2 49
143 - 32 33
40 - 28 0
188 - 141 21
77 - 195 29
35 - 31 4
81 - 35 2
45 - 33 50
76 - 16 35
6 - 28 50
153 - 90 25
16 - 28 14
29 - 128 48
112 - 66 48
55 - 57 21
51 - 3 25
1 - 153 34
7 - 118 30
8 - 2 33
15 - 114 28
128 - 177 17
28 - 3 2
158 - 53 22
22 - 19 6
53 - 15 12
26 - 125 39
113 - 137 40
114 - 163 42
102 - 52 31
41 - 6 27
3 - 14 32
104 - 154 11
34 - 106 47
106 - 100 12
104 - 118 13
109 - 156 3
116 - 22 11
32 - 4 42
143 - 42 43
104 - 129 32
183 - 184 37
76 - 35 23
10 - 33 16
34 - 62 38
132 - 27 26
150 - 51 34
90 - 17 0
68 - 93 28
114 - 148 44
151 - 85 3
113 - 118 14
35 - 140 26
5 - 7 49
65 - 63 27
40 - 88 31
161 - 159 32
18 - 112 50
13 - 54 0
118 - 13 17
150 - 51 33
9 - 10 39
131 - 196 6
73 - 55 12
63 - 53 45
89 - 66 9
66 - 89 48
41 - 131 41
30 - 140 41
80 - 194 14
163 - 172 13
106 - 140 27
173 - 18 33
144 - 19 7
53 - 66 18
72 - 187 21
4 - 165 33
93 - 29 32
84 - 188 34
36 - 35 7
143 - 146 47
167 - 196 38
29 - 136 34
57 - 195 16
172 - 116 18
6 - 3 28
162 - 112 26
126 - 181 49
53 - 10 36
15 - 16 44
16 - 64 14
92 - 10 0
32 - 19 23
104 - 151 19
180 - 127 29
97 - 71 17
193 - 187 2
166 - 66 47
150 - 51 0
10 - 27 35
3 - 111 11
95 - 137 38
135 - 106 4
112 - 100 44
3 - 76 3
1 - 19 22
48 - 73 12
87 - 186 15
7 - 14 35
125 - 32 10
138 - 114 49
156 - 17 49
137 - 13 33
168 - 156 2
75 - 59 30
9 - 65 16
46 - 3 21
89 - 150 30
3 - 6 11
88 - 54 4
117 - 105 35
23 - 20 48
7 - 11 38
54 - 5 48
95 - 69 38
8 - 2 39
44 - 72 44
103 - 53 5
156 - 150 39
101 - 154 19
150 - 162 16
2 - 28 47
106 - 70 50
4 - 16 44
47 - 124 46
114 - 112 20
101 - 104 23
100 - 16 30
131 - 146 45
109 - 110 4
142 - 136 32
67 - 77 37
66 - 63 20
9 - 117 39
129 - 100 5
140 - 94 40
66 - 71 6
60 - 161 37
150 - 7 43
101 - 106 48
20 - 70 39
120 - 13 24
160 - 161 34
123 - 143 24
72 - 88 36
38 - 65 12
64 - 163 2
1 - 2 24
53 - 1 26
91 - 66 17
102 - 158 8
100 - 4 2
29 - 2 2
15 - 1 36
104 - 150 12
4 - 84 7
137 - 112 20
69 - 57 24
178 - 181 9
70 - 51 34
118 - 13 22
63 - 51 37
171 - 49 35
193 - 162 19
74 - 20 17
24 - 49 7
29 - 2 25
18 - 148 22
25 - 16 42
123 - 120 3
2 - 7 8
137 - 131 35
128 - 29 28
154 - 58 4
8 - 10 0
8 - 7 36
127 - 120 13
1 - 2 22
21 - 44 9
78 - 26 42
32 - 109 34
128 - 195 26
161 - 117 7
112 - 115 44
89 - 78 32
106 - 125 10
136 - 130 12
20 - 158 41
9 - 31 41
14 - 19 5
3 - 13 25
112 - 22 45
5 - 29 23
112 - 4 1
4 - 16 48
150 - 191 47
1 - 9 15
49 - 32 9
13 - 18 20
134 - 133 29
14 - 19 43
101 - 154 46
64 - 119 9
19 - 17 37
60 - 2 1
125 - 175 2
4 - 92 24
54 - 27 4
3 - 52 48
113 - 121 44
52 - 107 11
72 - 59 41
178 - 140 30
87 - 130 10
4 - 103 44
108 - 103 50
20 - 57 17
69 - 64 9
4 - 10 4
196 - 121 30
191 - 47 37
158 - 105 17
66 - 72 20
114 - 102 32
106 - 102 44
26 - 35 39
44 - 130 0
83 - 26 18
97 - 91 15
158 - 102 16
62 - 24 15
28 - 79 10
41 - 140 6
27 - 126 32
126 - 113 6
168 - 171 21
153 - 150 35
14 - 27 17
3 - 15 11
140 - 85 28
159 - 76 40
17 - 113 8
77 - 79 23
91 - 79 28
66 - 63 41
107 - 101 33
74 - 123 43
133 - 2 34
162 - 100 23
101 - 44 31
151 - 103 26
77 - 67 12
100 - 8 34
11 - 10 42
122 - 119 30
12 - 53 16
103 - 109 22
94 - 3 49
29 - 47 2
95 - 41 18
76 - 140 46
88 - 77 0
7 - 125 30
52 - 58 35
26 - 106 24
178 - 36 38
27 - 8 37
38 - 140 47
192 - 178 50
69 - 128 42
173 - 171 46
89 - 76 10
165 - 173 4
65 - 59 38
28 - 1 4
164 - 78 27
16 - 66 12
145 - 109 20
47 - 63 4
58 - 69 2
102 - 28 20
173 - 100 16
82 - 60 25
131 - 137 34
65 - 60 50
168 - 158 20
44 - 26 6
8 - 17 50
82 - 196 27
187 - 35 15
109 - 155 31
3 - 9 0
132 - 107 29
115 - 140 45
27 - 8 30
58 - 82 18
83 - 80 9
85 - 69 33
10 - 4 11
181 - 118 31
66 - 113 44
6 - 85 25
1 - 6 27
185 - 83 20
156 - 118 44
112 - 14 21
93 - 29 39
107 - 106 47
40 - 91 4
77 - 70 20
157 - 100 30
82 - 30 32
69 - 173 39
159 - 85 13
159 - 156 42
152 - 158 10
42 - 106 6
111 - 109 18
187 - 46 34
4 - 1 17
72 - 56 8
7 - 3 2
153 - 115 9
134 - 128 31
14 - 138 24
129 - 162 31
16 - 18 31
131 - 143 9
58 - 7 40
160 - 112 3
107 - 156 18
153 - 16 3
66 - 7 9
32 - 134 11
7 - 106 41
63 - 139 18
21 - 38 32
134 - 106 8
88 - 65 32
39 - 17 20
146 - 190 0
84 - 132 39
48 - 128 20
7 - 51 27
153 - 162 29
100 - 128 13
165 - 131 25
70 - 14 37
184 - 153 35
82 - 54 47
59 - 76 20
78 - 76 46
38 - 18 50
115 - 142 18
4 - 33 18
55 - 54 4
43 - 40 35
112 - 62 11
106 - 111 48
85 - 78 30
152 - 15 37
157 - 182 8
111 - 123 47
47 - 29 19
133 - 7 31
4 - 22 5
141 - 54 9
124 - 66 47
57 - 151 10
177 - 4 21
15 - 63 8
150 - 1 27
131 - 127 19
33 - 73 22
78 - 53 1
116 - 17 33
6 - 17 46
33 - 44 34
7 - 12 45
105 - 139 46
91 - 78 8
143 - 34 0
6 - 106 42
65 - 54 3
154 - 105 27
16 - 22 23
22 - 2 36
9 - 120 49
138 - 2 29
8 - 57 25
78 - 150 39
11 - 17 47
33 - 7 10
190 - 130 47
128 - 35 27
61 - 131 23
41 - 56 26
76 - 29 12
76 - 116 11
8 - 181 27
153 - 72 4
64 - 121 1
33 - 71 38
14 - 16 10
10 - 38 1
21 - 4 17
23 - 59 25
121 - 51 19
127 - 28 27
79 - 28 40
9 - 136 38
19 - 29 11
180 - 91 1
168 - 54 10
197 - 38 43
53 - 54 17
82 - 86 8
85 - 9 43
153 - 141 1
101 - 2 16
108 - 2 14
103 - 114 15
56 - 53 26
195 - 114 8
14 - 52 32
38 - 99 33
110 - 112 37
156 - 51 32
4 - 28 5
102 - 150 8
7 - 10 22
120 - 123 29
109 - 159 22
112 - 181 1
106 - 134 25
79 - 76 2
28 - 3 30
145 - 120 6
29 - 77 21
66 - 63 20
132 - 35 20
11 - 7 48
29 - 126 2
76 - 66 0
24 - 68 5
7 - 142 42
69 - 72 40
63 - 41 29
13 - 51 12
26 - 77 26
77 - 187 8
69 - 52 17
24 - 74 48
118 - 121 32
5 - 13 28
36 - 10 6
7 - 125 29
3 - 175 21
118 - 20 42
129 - 151 45
5 - 76 17
51 - 53 13
124 - 149 39
140 - 128 18
133 - 183 14
56 - 62 34
21 - 35 10
117 - 66 6
17 - 66 31
140 - 176 19
177 - 71 45
16 - 44 44
84 - 83 23
52 - 165 12
59 - 158 1
109 - 31 38
138 - 77 40
113 - 112 1
4 - 51 28
106 - 163 2
143 - 137 16
2 - 39 49
131 - 158 39
152 - 127 11
1 - 114 19
122 - 38 9
115 - 106 30
18 - 123 18
39 - 44 33
44 - 42 16
78 - 44 43
25 - 18 4
81 - 78 26
5 - 105 27
4 - 9 30
128 - 125 17
109 - 48 49
2 - 41 19
135 - 192 10
85 - 82 45
71 - 19 44
165 - 139 23
17 - 9 0
111 - 9 49
63 - 16 43
66 - 17 42
63 - 51 22
13 - 14 15
57 - 161 10
112 - 39 30
175 - 196 18
59 - 58 5
66 - 14 34
183 - 182 8
47 - 22 2
34 - 3 19
11 - 102 42
101 - 106 48
62 - 117 27
105 - 190 42
83 - 77 24
111 - 166 22
49 - 112 33
4 - 62 28
69 - 57 28
19 - 48 39
190 - 179 27
181 - 184 40
10 - 102 6
54 - 60 37
4 - 106 20
70 - 22 25
59 - 63 13
86 - 42 9
88 - 78 7
63 - 153 31
92 - 180 33
20 - 119 30
89 - 191 2
69 - 162 39
51 - 4 21
112 - 114 48
138 - 5 33
140 - 41 14
193 - 19 44
21 - 40 2
51 - 65 31
185 - 98 13
66 - 126 27
76 - 178 22
139 - 38 38
132 - 176 20
78 - 90 17
1 - 7 38
189 - 6 4
27 - 109 19
158 - 61 21
77 - 76 5
79 - 84 0
190 - 191 47
174 - 123 11
5 - 4 24
100 - 151 20
82 - 34 6
33 - 194 4
94 - 88 18
82 - 74 41
51 - 67 29
15 - 88 15
41 - 6 39
47 - 19 39
104 - 111 47
127 - 125 18
57 - 58 22
118 - 38 5
123 - 117 13
38 - 35 30
116 - 129 30
78 - 12 41
70 - 146 31
45 - 8 30
7 - 44 13
13 - 1 7
91 - 42 14
47 - 72 0
158 - 106 8
157 - 70 22
51 - 44 45
99 - 84 23
4 - 13 22
170 - 112 30
154 - 196 30
165 - 159 40
3 - 38 17
106 - 125 24
21 - 41 33
158 - 155 30
114 - 12 21
30 - 11 5
105 - 6 49
99 - 93 11
51 - 158 50
19 - 134 5
190 - 125 35
163 - 97 9
11 - 69 7
174 - 23 35
78 - 183 23
156 - 158 11
92 - 11 40
61 - 101 4
187 - 180 27
186 - 47 36
128 - 127 12
4 - 26 2
127 - 42 3
41 - 133 19
84 - 58 24
156 - 60 33
172 - 173 30
66 - 94 30
180 - 155 44
112 - 124 14
7 - 3 13
4 - 53 36
126 - 135 9
108 - 9 6
165 - 65 2
126 - 2 6
2 - 40 9
195 - 168 32
159 - 103 16
117 - 118 28
19 - 45 29
31 - 54 23
72 - 16 33
141 - 122 18
13 - 26 49
56 - 58 25
77 - 72 2
16 - 18 0
154 - 131 39
51 - 168 9
141 - 129 42
82 - 57 7
159 - 32 6
108 - 51 31
38 - 26 40
1 - 57 11
155 - 157 20
103 - 32 36
105 - 111 8
143 - 180 27
27 - 158 29
119 - 100 34
181 - 148 20
146 - 159 44
53 - 2 23
18 - 117 38
73 - 72 17
14 - 115 30
7 - 1 38
59 - 60 6
90 - 47 37
22 - 111 43
78 - 38 24
126 - 184 9
176 - 77 20
62 - 153 38
102 - 136 1
4 - 12 5
85 - 41 23
7 - 133 41
10 - 41 49
76 - 57 14
115 - 137 17
13 - 46 43
35 - 159 49
124 - 35 40
51 - 77 39
4 - 5 19
79 - 84 21
153 - 150 39
60 - 100 14
76 - 162 8
48 - 88 18
60 - 184 47
59 - 84 15
131 - 187 23
100 - 118 41
87 - 136 14
137 - 32 2
126 - 34 28
40 - 38 26
155 - 90 26
187 - 191 4
3 - 51 9
182 - 190 30
103 - 100 29
158 - 108 7
79 - 140 8
16 - 54 45
57 - 7 4
83 - 33 6
121 - 122 5
57 - 7 15
69 - 63 9
1 - 2 35
51 - 57 8
57 - 155 37
108 - 114 22
112 - 131 11
75 - 115 12
169 - 64 36
136 - 74 35
108 - 12 43
115 - 16 44
10 - 109 21
39 - 33 20
19 - 53 49
63 - 5 36
191 - 134 27
106 - 100 1
181 - 57 4
103 - 24 44
75 - 44 38
4 - 128 17
196 - 78 18
98 - 26 44
78 - 85 24
171 - 27 18
26 - 177 12
6 - 12 15
27 - 100 16
158 - 151 21
20 - 57 3
72 - 87 1
108 - 106 32
10 - 13 49
63 - 26 35
70 - 74 1
131 - 57 26
26 - 3 30
13 - 125 42
142 - 16 47
162 - 34 46
82 - 83 33
5 - 132 50
150 - 6 25
46 - 65 44
137 - 167 39
106 - 26 44
51 - 60 45
64 - 52 41
103 - 39 33
13 - 64 27
165 - 72 29
113 - 188 29
171 - 165 30
2 - 100 36
102 - 4 33
115 - 140 6
98 - 84 32
41 - 79 32
29 - 5 14
41 - 18 41
135 - 177 45
134 - 169 10
7 - 13 21
37 - 161 32
61 - 4 0
29 - 106 29
19 - 12 13
108 - 102 39
59 - 142 7
51 - 100 27
176 - 119 28
7 - 15 34
1 - 41 43
26 - 128 40
134 - 21 14
23 - 5 50
137 - 41 38
19 - 13 50
31 - 9 41
85 - 123 22
169 - 170 48
47 - 50 1
100 - 20 43
27 - 137 5
144 - 107 43
187 - 125 17
85 - 54 43
77 - 80 12
125 - 59 50
109 - 82 27
80 - 52 23
67 - 79 19
152 - 129 0
65 - 4 14
103 - 16 22
156 - 162 43
162 - 44 32
180 - 183 5
101 - 107 49
12 - 4 17
28 - 90 31
15 - 48 23
154 - 52 49
152 - 60 1
193 - 82 22
140 - 41 4
1 - 76 23
6 - 56 11
41 - 125 34
105 - 125 48
154 - 132 38
106 - 171 32
3 - 7 47
176 - 66 25
79 - 10 4
189 - 69 5
179 - 100 11
153 - 2 30
37 - 133 20
126 - 128 15
30 - 90 6
60 - 162 8
182 - 151 13
63 - 66 39
17 - 121 32
4 - 3 28
156 - 159 28
22 - 16 46
53 - 84 21
8 - 2 8
17 - 14 45
114 - 127 13
13 - 26 25
66 - 16 36
77 - 52 4
57 - 82 29
115 - 112 28
74 - 61 38
103 - 29 16
181 - 178 16
46 - 94 0
51 - 4 45
41 - 46 24
149 - 5 21
118 - 94 26
1 - 151 6
19 - 57 34
54 - 76 17
77 - 89 19
2 - 10 44
30 - 41 10
116 - 139 34
105 - 83 37
63 - 169 34
8 - 132 15
6 - 23 29
191 - 103 22
177 - 150 31
14 - 138 42
163 - 121 37
160 - 58 28
5 - 8 18
121 - 113 24
29 - 145 42
52 - 13 0
5 - 4 5
132 - 107 8
9 - 21 27
152 - 56 11
10 - 128 15
10 - 9 17
22 - 121 49
65 - 6 10
28 - 9 49
4 - 30 14
44 - 32 17
42 - 38 48
156 - 106 12
9 - 1 14
103 - 58 28
14 - 27 32
81 - 191 2
118 - 150 44
28 - 15 48
94 - 66 39
134 - 14 19
178 - 66 21
8 - 115 5
57 - 178 38
170 - 145 8
72 - 19 6
109 - 7 4
171 - 115 41
38 - 16 37
68 - 103 30
66 - 94 39
109 - 22 32
5 - 102 35
171 - 145 32
29 - 54 22
85 - 79 17
17 - 144 9
162 - 79 42
88 - 4 33
58 - 8 10
40 - 3 38
58 - 122 15
23 - 121 26
88 - 71 33
28 - 127 36
1 - 3 27
128 - 57 30
52 - 176 10
44 - 79 31
125 - 162 21
104 - 135 39
14 - 119 50
46 - 39 39
181 - 176 5
4 - 3 6
101 - 10 32
181 - 152 40
143 - 79 5
137 - 89 27
109 - 82 17
1 - 126 41
4 - 36 49
162 - 51 43
10 - 52 19
158 - 187 32
54 - 77 17
102 - 164 2
2 - 76 26
34 - 22 19
14 - 121 44
93 - 65 13
26 - 32 20
6 - 114 33
165 - 66 35
16 - 41 38
49 - 148 40
27 - 30 16
79 - 66 12
32 - 6 35
47 - 35 14
61 - 91 33
101 - 100 22
26 - 95 0
109 - 102 49
4 - 7 21
71 - 59 19
164 - 168 47
176 - 153 34
165 - 150 21
22 - 173 1
47 - 26 44
21 - 44 21
114 - 103 11
143 - 66 35
4 - 29 24
44 - 119 23
31 - 121 12
108 - 9 38
59 - 84 50
7 - 19 27
134 - 83 46
26 - 128 39
96 - 34 4
4 - 5 38
168 - 69 8
191 - 30 31
85 - 78 28
81 - 178 14
54 - 157 14
150 - 125 49
14 - 17 17
9 - 133 17
72 - 62 5
114 - 140 48
115 - 118 24
71 - 65 34
31 - 175 37
53 - 6 17
128 - 118 41
59 - 60 8
